//Maya ASCII 2026 scene
//Name: TurtleRig.ma
//Last modified: Sun, Apr 12, 2026 10:45:06 PM
//Codeset: 1252
file -rdi 1 -ns "turtle_rig_start" -rfn "turtle_rig_startRN" -op "v=0;" -typ
		 "mayaAscii" "C:/Users/kylee/Documents/3DAnimationPorf/GitHubRepo/3DAnimation/MayaProdjects/Spring_2026/References/turtle_rig_start.ma";
file -r -ns "turtle_rig_start" -dr 1 -rfn "turtle_rig_startRN" -op "v=0;" -typ "mayaAscii"
		 "C:/Users/kylee/Documents/3DAnimationPorf/GitHubRepo/3DAnimation/MayaProdjects/Spring_2026/References/turtle_rig_start.ma";
requires maya "2026";
requires "stereoCamera" "10.0";
requires -nodeType "aiOptions" -nodeType "aiAOVDriver" -nodeType "aiAOVFilter" "mtoa" "5.5.4.2";
requires "stereoCamera" "10.0";
currentUnit -l centimeter -a degree -t film;
fileInfo "application" "maya";
fileInfo "product" "Maya 2026";
fileInfo "version" "2026";
fileInfo "cutIdentifier" "202510291147-60ec9eda33";
fileInfo "osv" "Windows 11 Home v2009 (Build: 26200)";
fileInfo "UUID" "8E852F9B-4367-9D46-DDD5-BEB3198DED85";
createNode transform -s -n "persp";
	rename -uid "73D8C440-4D28-C3FF-56CB-4B9101947755";
	setAttr ".v" no;
	setAttr ".t" -type "double3" 21.105448698444231 9.7879822603098727 -2.2803705319111902 ;
	setAttr ".r" -type "double3" -21.599999999991635 -260.80000000000422 0 ;
	setAttr ".rpt" -type "double3" -9.5729902010848353e-17 3.8584666101792226e-16 -7.6221021748586773e-16 ;
createNode camera -s -n "perspShape" -p "persp";
	rename -uid "67F03A42-4620-6D1D-4C73-449C0AEC5649";
	setAttr -k off ".v" no;
	setAttr ".fl" 34.999999999999979;
	setAttr ".coi" 22.207221326892508;
	setAttr ".imn" -type "string" "persp";
	setAttr ".den" -type "string" "persp_depth";
	setAttr ".man" -type "string" "persp_mask";
	setAttr ".tp" -type "double3" 0 0.37165196295636482 -1.9195842927103115 ;
	setAttr ".hc" -type "string" "viewSet -p %camera";
createNode transform -s -n "top";
	rename -uid "D28DB234-484B-28A3-E17C-688BB915AD08";
	setAttr ".v" no;
	setAttr ".t" -type "double3" 0 1000.1 0 ;
	setAttr ".r" -type "double3" -90 0 0 ;
createNode camera -s -n "topShape" -p "top";
	rename -uid "2B57D198-45AA-C645-BD0B-F6BB3C004414";
	setAttr -k off ".v" no;
	setAttr ".rnd" no;
	setAttr ".coi" 1000.1;
	setAttr ".ow" 30;
	setAttr ".imn" -type "string" "top";
	setAttr ".den" -type "string" "top_depth";
	setAttr ".man" -type "string" "top_mask";
	setAttr ".hc" -type "string" "viewSet -t %camera";
	setAttr ".o" yes;
createNode transform -s -n "front";
	rename -uid "2C913EFA-4A05-3B4F-94E5-2291E6CED81C";
	setAttr ".v" no;
	setAttr ".t" -type "double3" 0 0 1000.1 ;
createNode camera -s -n "frontShape" -p "front";
	rename -uid "122BB86B-4EE2-49E9-B562-A1B13EDB82E0";
	setAttr -k off ".v" no;
	setAttr ".rnd" no;
	setAttr ".coi" 1000.1;
	setAttr ".ow" 30;
	setAttr ".imn" -type "string" "front";
	setAttr ".den" -type "string" "front_depth";
	setAttr ".man" -type "string" "front_mask";
	setAttr ".hc" -type "string" "viewSet -f %camera";
	setAttr ".o" yes;
createNode transform -s -n "side";
	rename -uid "370555CC-42D1-2398-1765-DFB02CAE2D6C";
	setAttr ".v" no;
	setAttr ".t" -type "double3" 1000.1 0 0 ;
	setAttr ".r" -type "double3" 0 90 0 ;
createNode camera -s -n "sideShape" -p "side";
	rename -uid "EB215BE3-4FD2-7429-BE6B-89B3E00DA1BB";
	setAttr -k off ".v" no;
	setAttr ".rnd" no;
	setAttr ".coi" 1000.1;
	setAttr ".ow" 30;
	setAttr ".imn" -type "string" "side";
	setAttr ".den" -type "string" "side_depth";
	setAttr ".man" -type "string" "side_mask";
	setAttr ".hc" -type "string" "viewSet -s %camera";
	setAttr ".o" yes;
createNode fosterParent -n "turtle_rig_startRNfosterParent1";
	rename -uid "840FCDF8-48C8-1A07-AD02-1FA8B061CA1F";
createNode mesh -n "r_eye_geoShapeDeformed" -p "turtle_rig_startRNfosterParent1";
	rename -uid "49C1473C-44B1-8891-DAF2-85951FA5B586";
	setAttr -k off ".v";
	setAttr ".vir" yes;
	setAttr ".vif" yes;
	setAttr ".uvst[0].uvsn" -type "string" "map1";
	setAttr ".cuvs" -type "string" "map1";
	setAttr ".dcc" -type "string" "Ambient+Diffuse";
	setAttr ".op" yes;
	setAttr ".covm[0]"  0 1 1;
	setAttr ".cdvm[0]"  0 1 1;
createNode mesh -n "l_eye_geoShapeDeformed" -p "turtle_rig_startRNfosterParent1";
	rename -uid "D005C129-49E8-D5F1-EABC-7C97C389FB9C";
	setAttr -k off ".v";
	setAttr ".vir" yes;
	setAttr ".vif" yes;
	setAttr ".uvst[0].uvsn" -type "string" "map1";
	setAttr ".cuvs" -type "string" "map1";
	setAttr ".dcc" -type "string" "Ambient+Diffuse";
	setAttr ".covm[0]"  0 1 1;
	setAttr ".cdvm[0]"  0 1 1;
createNode mesh -n "l_leg_geoShapeDeformed" -p "turtle_rig_startRNfosterParent1";
	rename -uid "E0A4EFE9-49D7-FBF3-D522-0AA1C4A860CF";
	setAttr -k off ".v";
	setAttr ".vir" yes;
	setAttr ".vif" yes;
	setAttr ".uvst[0].uvsn" -type "string" "map1";
	setAttr ".cuvs" -type "string" "map1";
	setAttr ".dcc" -type "string" "Ambient+Diffuse";
	setAttr ".covm[0]"  0 1 1;
	setAttr ".cdvm[0]"  0 1 1;
createNode mesh -n "r_leg_geoShapeDeformed" -p "turtle_rig_startRNfosterParent1";
	rename -uid "368F7077-4A76-EE86-C024-0B8D1C4964E8";
	setAttr -k off ".v";
	setAttr ".vir" yes;
	setAttr ".vif" yes;
	setAttr ".uvst[0].uvsn" -type "string" "map1";
	setAttr ".cuvs" -type "string" "map1";
	setAttr ".dcc" -type "string" "Ambient+Diffuse";
	setAttr ".covm[0]"  0 1 1;
	setAttr ".cdvm[0]"  0 1 1;
createNode mesh -n "shell_geo_ShapeDeformed" -p "turtle_rig_startRNfosterParent1";
	rename -uid "5C050366-48E3-0EC0-DC1A-7FAEFCE95FAB";
	setAttr -k off ".v";
	setAttr ".vir" yes;
	setAttr ".vif" yes;
	setAttr ".pv" -type "double2" 0.48355068266391754 0.56848964095115662 ;
	setAttr ".uvst[0].uvsn" -type "string" "map1";
	setAttr ".cuvs" -type "string" "map1";
	setAttr ".dcc" -type "string" "Ambient+Diffuse";
	setAttr ".clst[0].clsn" -type "string" "shell_ColorSet";
	setAttr ".covm[0]"  0 1 1;
	setAttr ".cdvm[0]"  0 1 1;
	setAttr ".bw" 3;
createNode mesh -n "f_legs_geo_ShapeDeformed" -p "turtle_rig_startRNfosterParent1";
	rename -uid "7F78FC0F-46A7-1A26-D214-FFAE9E86D1CA";
	setAttr -k off ".v";
	setAttr ".vir" yes;
	setAttr ".vif" yes;
	setAttr ".uvst[0].uvsn" -type "string" "map1";
	setAttr ".cuvs" -type "string" "map1";
	setAttr ".dcc" -type "string" "Ambient+Diffuse";
	setAttr ".clst[0].clsn" -type "string" "FrontLegs_ColorSet";
	setAttr ".covm[0]"  0 1 1;
	setAttr ".cdvm[0]"  0 1 1;
createNode lightLinker -s -n "lightLinker1";
	rename -uid "C7E40B7E-4E80-F107-F9E6-0B8712BA14F5";
	setAttr -s 9 ".lnk";
	setAttr -s 9 ".slnk";
createNode shapeEditorManager -n "shapeEditorManager";
	rename -uid "4A26BED2-4FDB-A9A6-BE09-DFBDAFA43B6F";
	setAttr ".bsdt[0].bscd" -type "Int32Array" 1 0 ;
createNode poseInterpolatorManager -n "poseInterpolatorManager";
	rename -uid "A32F5DDC-4A2B-4E16-8D28-04B18EB00818";
createNode displayLayerManager -n "layerManager";
	rename -uid "C0F867F7-49A0-C936-23BE-63A40858EF9A";
createNode displayLayer -n "defaultLayer";
	rename -uid "B6D11795-4709-C33D-00F9-0D8698F2FA88";
	setAttr ".ufem" -type "stringArray" 0  ;
createNode renderLayerManager -n "renderLayerManager";
	rename -uid "AD693C3F-4900-0CE0-619E-938A8646A159";
createNode renderLayer -n "defaultRenderLayer";
	rename -uid "981C8B32-4250-762B-21C8-A2911D19B472";
	setAttr ".g" yes;
createNode reference -n "turtle_rig_startRN";
	rename -uid "780EA43C-4C35-A5EB-E199-EEAD66F3ED0E";
	setAttr -s 412 ".phl";
	setAttr ".phl[1]" 0;
	setAttr ".phl[2]" 0;
	setAttr ".phl[3]" 0;
	setAttr ".phl[4]" 0;
	setAttr ".phl[5]" 0;
	setAttr ".phl[6]" 0;
	setAttr ".phl[7]" 0;
	setAttr ".phl[8]" 0;
	setAttr ".phl[9]" 0;
	setAttr ".phl[10]" 0;
	setAttr ".phl[11]" 0;
	setAttr ".phl[12]" 0;
	setAttr ".phl[13]" 0;
	setAttr ".phl[14]" 0;
	setAttr ".phl[15]" 0;
	setAttr ".phl[16]" 0;
	setAttr ".phl[17]" 0;
	setAttr ".phl[18]" 0;
	setAttr ".phl[19]" 0;
	setAttr ".phl[20]" 0;
	setAttr ".phl[21]" 0;
	setAttr ".phl[22]" 0;
	setAttr ".phl[23]" 0;
	setAttr ".phl[24]" 0;
	setAttr ".phl[25]" 0;
	setAttr ".phl[26]" 0;
	setAttr ".phl[27]" 0;
	setAttr ".phl[28]" 0;
	setAttr ".phl[29]" 0;
	setAttr ".phl[30]" 0;
	setAttr ".phl[31]" 0;
	setAttr ".phl[32]" 0;
	setAttr ".phl[33]" 0;
	setAttr ".phl[34]" 0;
	setAttr ".phl[35]" 0;
	setAttr ".phl[36]" 0;
	setAttr ".phl[37]" 0;
	setAttr ".phl[38]" 0;
	setAttr ".phl[39]" 0;
	setAttr ".phl[40]" 0;
	setAttr ".phl[41]" 0;
	setAttr ".phl[42]" 0;
	setAttr ".phl[43]" 0;
	setAttr ".phl[44]" 0;
	setAttr ".phl[45]" 0;
	setAttr ".phl[46]" 0;
	setAttr ".phl[47]" 0;
	setAttr ".phl[48]" 0;
	setAttr ".phl[49]" 0;
	setAttr ".phl[50]" 0;
	setAttr ".phl[51]" 0;
	setAttr ".phl[52]" 0;
	setAttr ".phl[53]" 0;
	setAttr ".phl[54]" 0;
	setAttr ".phl[55]" 0;
	setAttr ".phl[56]" 0;
	setAttr ".phl[57]" 0;
	setAttr ".phl[58]" 0;
	setAttr ".phl[59]" 0;
	setAttr ".phl[60]" 0;
	setAttr ".phl[61]" 0;
	setAttr ".phl[62]" 0;
	setAttr ".phl[63]" 0;
	setAttr ".phl[64]" 0;
	setAttr ".phl[65]" 0;
	setAttr ".phl[66]" 0;
	setAttr ".phl[67]" 0;
	setAttr ".phl[68]" 0;
	setAttr ".phl[69]" 0;
	setAttr ".phl[70]" 0;
	setAttr ".phl[71]" 0;
	setAttr ".phl[72]" 0;
	setAttr ".phl[73]" 0;
	setAttr ".phl[74]" 0;
	setAttr ".phl[75]" 0;
	setAttr ".phl[76]" 0;
	setAttr ".phl[77]" 0;
	setAttr ".phl[78]" 0;
	setAttr ".phl[79]" 0;
	setAttr ".phl[80]" 0;
	setAttr ".phl[81]" 0;
	setAttr ".phl[82]" 0;
	setAttr ".phl[83]" 0;
	setAttr ".phl[84]" 0;
	setAttr ".phl[85]" 0;
	setAttr ".phl[86]" 0;
	setAttr ".phl[87]" 0;
	setAttr ".phl[88]" 0;
	setAttr ".phl[89]" 0;
	setAttr ".phl[90]" 0;
	setAttr ".phl[91]" 0;
	setAttr ".phl[92]" 0;
	setAttr ".phl[93]" 0;
	setAttr ".phl[94]" 0;
	setAttr ".phl[95]" 0;
	setAttr ".phl[96]" 0;
	setAttr ".phl[97]" 0;
	setAttr ".phl[98]" 0;
	setAttr ".phl[99]" 0;
	setAttr ".phl[100]" 0;
	setAttr ".phl[101]" 0;
	setAttr ".phl[102]" 0;
	setAttr ".phl[103]" 0;
	setAttr ".phl[104]" 0;
	setAttr ".phl[105]" 0;
	setAttr ".phl[106]" 0;
	setAttr ".phl[107]" 0;
	setAttr ".phl[108]" 0;
	setAttr ".phl[109]" 0;
	setAttr ".phl[110]" 0;
	setAttr ".phl[111]" 0;
	setAttr ".phl[112]" 0;
	setAttr ".phl[113]" 0;
	setAttr ".phl[114]" 0;
	setAttr ".phl[115]" 0;
	setAttr ".phl[116]" 0;
	setAttr ".phl[117]" 0;
	setAttr ".phl[118]" 0;
	setAttr ".phl[119]" 0;
	setAttr ".phl[120]" 0;
	setAttr ".phl[121]" 0;
	setAttr ".phl[122]" 0;
	setAttr ".phl[123]" 0;
	setAttr ".phl[124]" 0;
	setAttr ".phl[125]" 0;
	setAttr ".phl[126]" 0;
	setAttr ".phl[127]" 0;
	setAttr ".phl[128]" 0;
	setAttr ".phl[129]" 0;
	setAttr ".phl[130]" 0;
	setAttr ".phl[131]" 0;
	setAttr ".phl[132]" 0;
	setAttr ".phl[133]" 0;
	setAttr ".phl[134]" 0;
	setAttr ".phl[135]" 0;
	setAttr ".phl[136]" 0;
	setAttr ".phl[137]" 0;
	setAttr ".phl[138]" 0;
	setAttr ".phl[139]" 0;
	setAttr ".phl[140]" 0;
	setAttr ".phl[141]" 0;
	setAttr ".phl[142]" 0;
	setAttr ".phl[143]" 0;
	setAttr ".phl[144]" 0;
	setAttr ".phl[145]" 0;
	setAttr ".phl[146]" 0;
	setAttr ".phl[147]" 0;
	setAttr ".phl[148]" 0;
	setAttr ".phl[149]" 0;
	setAttr ".phl[150]" 0;
	setAttr ".phl[151]" 0;
	setAttr ".phl[152]" 0;
	setAttr ".phl[153]" 0;
	setAttr ".phl[154]" 0;
	setAttr ".phl[155]" 0;
	setAttr ".phl[156]" 0;
	setAttr ".phl[157]" 0;
	setAttr ".phl[158]" 0;
	setAttr ".phl[159]" 0;
	setAttr ".phl[160]" 0;
	setAttr ".phl[161]" 0;
	setAttr ".phl[162]" 0;
	setAttr ".phl[163]" 0;
	setAttr ".phl[164]" 0;
	setAttr ".phl[165]" 0;
	setAttr ".phl[166]" 0;
	setAttr ".phl[167]" 0;
	setAttr ".phl[168]" 0;
	setAttr ".phl[169]" 0;
	setAttr ".phl[170]" 0;
	setAttr ".phl[171]" 0;
	setAttr ".phl[172]" 0;
	setAttr ".phl[173]" 0;
	setAttr ".phl[174]" 0;
	setAttr ".phl[175]" 0;
	setAttr ".phl[176]" 0;
	setAttr ".phl[177]" 0;
	setAttr ".phl[178]" 0;
	setAttr ".phl[179]" 0;
	setAttr ".phl[180]" 0;
	setAttr ".phl[181]" 0;
	setAttr ".phl[182]" 0;
	setAttr ".phl[183]" 0;
	setAttr ".phl[184]" 0;
	setAttr ".phl[185]" 0;
	setAttr ".phl[186]" 0;
	setAttr ".phl[187]" 0;
	setAttr ".phl[188]" 0;
	setAttr ".phl[189]" 0;
	setAttr ".phl[190]" 0;
	setAttr ".phl[191]" 0;
	setAttr ".phl[192]" 0;
	setAttr ".phl[193]" 0;
	setAttr ".phl[194]" 0;
	setAttr ".phl[195]" 0;
	setAttr ".phl[196]" 0;
	setAttr ".phl[197]" 0;
	setAttr ".phl[198]" 0;
	setAttr ".phl[199]" 0;
	setAttr ".phl[200]" 0;
	setAttr ".phl[201]" 0;
	setAttr ".phl[202]" 0;
	setAttr ".phl[203]" 0;
	setAttr ".phl[204]" 0;
	setAttr ".phl[205]" 0;
	setAttr ".phl[206]" 0;
	setAttr ".phl[207]" 0;
	setAttr ".phl[208]" 0;
	setAttr ".phl[209]" 0;
	setAttr ".phl[210]" 0;
	setAttr ".phl[211]" 0;
	setAttr ".phl[212]" 0;
	setAttr ".phl[213]" 0;
	setAttr ".phl[214]" 0;
	setAttr ".phl[215]" 0;
	setAttr ".phl[216]" 0;
	setAttr ".phl[217]" 0;
	setAttr ".phl[218]" 0;
	setAttr ".phl[219]" 0;
	setAttr ".phl[220]" 0;
	setAttr ".phl[221]" 0;
	setAttr ".phl[222]" 0;
	setAttr ".phl[223]" 0;
	setAttr ".phl[224]" 0;
	setAttr ".phl[225]" 0;
	setAttr ".phl[226]" 0;
	setAttr ".phl[227]" 0;
	setAttr ".phl[228]" 0;
	setAttr ".phl[229]" 0;
	setAttr ".phl[230]" 0;
	setAttr ".phl[231]" 0;
	setAttr ".phl[232]" 0;
	setAttr ".phl[233]" 0;
	setAttr ".phl[234]" 0;
	setAttr ".phl[235]" 0;
	setAttr ".phl[236]" 0;
	setAttr ".phl[237]" 0;
	setAttr ".phl[238]" 0;
	setAttr ".phl[239]" 0;
	setAttr ".phl[240]" 0;
	setAttr ".phl[241]" 0;
	setAttr ".phl[242]" 0;
	setAttr ".phl[243]" 0;
	setAttr ".phl[244]" 0;
	setAttr ".phl[245]" 0;
	setAttr ".phl[246]" 0;
	setAttr ".phl[247]" 0;
	setAttr ".phl[248]" 0;
	setAttr ".phl[249]" 0;
	setAttr ".phl[250]" 0;
	setAttr ".phl[251]" 0;
	setAttr ".phl[252]" 0;
	setAttr ".phl[253]" 0;
	setAttr ".phl[254]" 0;
	setAttr ".phl[255]" 0;
	setAttr ".phl[256]" 0;
	setAttr ".phl[257]" 0;
	setAttr ".phl[258]" 0;
	setAttr ".phl[259]" 0;
	setAttr ".phl[260]" 0;
	setAttr ".phl[261]" 0;
	setAttr ".phl[262]" 0;
	setAttr ".phl[263]" 0;
	setAttr ".phl[264]" 0;
	setAttr ".phl[265]" 0;
	setAttr ".phl[266]" 0;
	setAttr ".phl[267]" 0;
	setAttr ".phl[268]" 0;
	setAttr ".phl[269]" 0;
	setAttr ".phl[270]" 0;
	setAttr ".phl[271]" 0;
	setAttr ".phl[272]" 0;
	setAttr ".phl[273]" 0;
	setAttr ".phl[274]" 0;
	setAttr ".phl[275]" 0;
	setAttr ".phl[276]" 0;
	setAttr ".phl[277]" 0;
	setAttr ".phl[278]" 0;
	setAttr ".phl[279]" 0;
	setAttr ".phl[280]" 0;
	setAttr ".phl[281]" 0;
	setAttr ".phl[282]" 0;
	setAttr ".phl[283]" 0;
	setAttr ".phl[284]" 0;
	setAttr ".phl[285]" 0;
	setAttr ".phl[286]" 0;
	setAttr ".phl[287]" 0;
	setAttr ".phl[288]" 0;
	setAttr ".phl[289]" 0;
	setAttr ".phl[290]" 0;
	setAttr ".phl[291]" 0;
	setAttr ".phl[292]" 0;
	setAttr ".phl[293]" 0;
	setAttr ".phl[294]" 0;
	setAttr ".phl[295]" 0;
	setAttr ".phl[296]" 0;
	setAttr ".phl[297]" 0;
	setAttr ".phl[298]" 0;
	setAttr ".phl[299]" 0;
	setAttr ".phl[300]" 0;
	setAttr ".phl[301]" 0;
	setAttr ".phl[302]" 0;
	setAttr ".phl[303]" 0;
	setAttr ".phl[304]" 0;
	setAttr ".phl[305]" 0;
	setAttr ".phl[306]" 0;
	setAttr ".phl[307]" 0;
	setAttr ".phl[308]" 0;
	setAttr ".phl[309]" 0;
	setAttr ".phl[310]" 0;
	setAttr ".phl[311]" 0;
	setAttr ".phl[312]" 0;
	setAttr ".phl[313]" 0;
	setAttr ".phl[314]" 0;
	setAttr ".phl[315]" 0;
	setAttr ".phl[316]" 0;
	setAttr ".phl[317]" 0;
	setAttr ".phl[318]" 0;
	setAttr ".phl[319]" 0;
	setAttr ".phl[320]" 0;
	setAttr ".phl[321]" 0;
	setAttr ".phl[322]" 0;
	setAttr ".phl[323]" 0;
	setAttr ".phl[324]" 0;
	setAttr ".phl[325]" 0;
	setAttr ".phl[326]" 0;
	setAttr ".phl[327]" 0;
	setAttr ".phl[328]" 0;
	setAttr ".phl[329]" 0;
	setAttr ".phl[330]" 0;
	setAttr ".phl[331]" 0;
	setAttr ".phl[332]" 0;
	setAttr ".phl[333]" 0;
	setAttr ".phl[334]" 0;
	setAttr ".phl[335]" 0;
	setAttr ".phl[336]" 0;
	setAttr ".phl[337]" 0;
	setAttr ".phl[338]" 0;
	setAttr ".phl[339]" 0;
	setAttr ".phl[340]" 0;
	setAttr ".phl[341]" 0;
	setAttr ".phl[342]" 0;
	setAttr ".phl[343]" 0;
	setAttr ".phl[344]" 0;
	setAttr ".phl[345]" 0;
	setAttr ".phl[346]" 0;
	setAttr ".phl[347]" 0;
	setAttr ".phl[348]" 0;
	setAttr ".phl[349]" 0;
	setAttr ".phl[350]" 0;
	setAttr ".phl[351]" 0;
	setAttr ".phl[352]" 0;
	setAttr ".phl[353]" 0;
	setAttr ".phl[354]" 0;
	setAttr ".phl[355]" 0;
	setAttr ".phl[356]" 0;
	setAttr ".phl[357]" 0;
	setAttr ".phl[358]" 0;
	setAttr ".phl[359]" 0;
	setAttr ".phl[360]" 0;
	setAttr ".phl[361]" 0;
	setAttr ".phl[362]" 0;
	setAttr ".phl[363]" 0;
	setAttr ".phl[364]" 0;
	setAttr ".phl[365]" 0;
	setAttr ".phl[366]" 0;
	setAttr ".phl[367]" 0;
	setAttr ".phl[368]" 0;
	setAttr ".phl[369]" 0;
	setAttr ".phl[370]" 0;
	setAttr ".phl[371]" 0;
	setAttr ".phl[372]" 0;
	setAttr ".phl[373]" 0;
	setAttr ".phl[374]" 0;
	setAttr ".phl[375]" 0;
	setAttr ".phl[376]" 0;
	setAttr ".phl[377]" 0;
	setAttr ".phl[378]" 0;
	setAttr ".phl[379]" 0;
	setAttr ".phl[380]" 0;
	setAttr ".phl[381]" 0;
	setAttr ".phl[382]" 0;
	setAttr ".phl[383]" 0;
	setAttr ".phl[384]" 0;
	setAttr ".phl[385]" 0;
	setAttr ".phl[386]" 0;
	setAttr ".phl[387]" 0;
	setAttr ".phl[388]" 0;
	setAttr ".phl[389]" 0;
	setAttr ".phl[390]" 0;
	setAttr ".phl[391]" 0;
	setAttr ".phl[392]" 0;
	setAttr ".phl[393]" 0;
	setAttr ".phl[394]" 0;
	setAttr ".phl[395]" 0;
	setAttr ".phl[396]" 0;
	setAttr ".phl[397]" 0;
	setAttr ".phl[398]" 0;
	setAttr ".phl[399]" 0;
	setAttr ".phl[400]" 0;
	setAttr ".phl[401]" 0;
	setAttr ".phl[402]" 0;
	setAttr ".phl[403]" 0;
	setAttr ".phl[404]" 0;
	setAttr ".phl[405]" 0;
	setAttr ".phl[406]" 0;
	setAttr ".phl[407]" 0;
	setAttr ".phl[408]" 0;
	setAttr ".phl[409]" 0;
	setAttr ".phl[410]" 0;
	setAttr ".phl[411]" 0;
	setAttr ".phl[412]" 0;
	setAttr ".ed" -type "dataReferenceEdits" 
		"turtle_rig_startRN"
		"turtle_rig_startRN" 0
		"turtle_rig_startRN" 559
		0 "|turtle_rig_startRNfosterParent1|f_legs_geo_ShapeDeformed" "|turtle_rig_start:sea_turtle|turtle_rig_start:geometry|turtle_rig_start:turtle_geo_grp|turtle_rig_start:f_legs_geo" 
		"-s -r "
		0 "|turtle_rig_startRNfosterParent1|shell_geo_ShapeDeformed" "|turtle_rig_start:sea_turtle|turtle_rig_start:geometry|turtle_rig_start:turtle_geo_grp|turtle_rig_start:shell_geo" 
		"-s -r "
		0 "|turtle_rig_startRNfosterParent1|r_leg_geoShapeDeformed" "|turtle_rig_start:sea_turtle|turtle_rig_start:geometry|turtle_rig_start:turtle_geo_grp|turtle_rig_start:r_leg_geo" 
		"-s -r "
		0 "|turtle_rig_startRNfosterParent1|l_leg_geoShapeDeformed" "|turtle_rig_start:sea_turtle|turtle_rig_start:geometry|turtle_rig_start:turtle_geo_grp|turtle_rig_start:l_leg_geo" 
		"-s -r "
		0 "|turtle_rig_startRNfosterParent1|l_eye_geoShapeDeformed" "|turtle_rig_start:sea_turtle|turtle_rig_start:geometry|turtle_rig_start:eyes_geo_grp|turtle_rig_start:l_eye_geo" 
		"-s -r "
		0 "|turtle_rig_startRNfosterParent1|r_eye_geoShapeDeformed" "|turtle_rig_start:sea_turtle|turtle_rig_start:geometry|turtle_rig_start:eyes_geo_grp|turtle_rig_start:r_eye_geo" 
		"-s -r "
		2 "|turtle_rig_start:sea_turtle|turtle_rig_start:geometry|turtle_rig_start:turtle_geo_grp|turtle_rig_start:f_legs_geo|turtle_rig_start:f_legs_geo_Shape" 
		"intermediateObject" " 1"
		2 "|turtle_rig_start:sea_turtle|turtle_rig_start:geometry|turtle_rig_start:turtle_geo_grp|turtle_rig_start:f_legs_geo|turtle_rig_start:f_legs_geo_Shape" 
		"vertexColorSource" " 2"
		2 "|turtle_rig_start:sea_turtle|turtle_rig_start:geometry|turtle_rig_start:turtle_geo_grp|turtle_rig_start:shell_geo|turtle_rig_start:shell_geo_Shape" 
		"intermediateObject" " 1"
		2 "|turtle_rig_start:sea_turtle|turtle_rig_start:geometry|turtle_rig_start:turtle_geo_grp|turtle_rig_start:shell_geo|turtle_rig_start:shell_geo_Shape" 
		"vertexColorSource" " 2"
		2 "|turtle_rig_start:sea_turtle|turtle_rig_start:geometry|turtle_rig_start:turtle_geo_grp|turtle_rig_start:r_leg_geo|turtle_rig_start:r_leg_geoShape" 
		"intermediateObject" " 1"
		2 "|turtle_rig_start:sea_turtle|turtle_rig_start:geometry|turtle_rig_start:turtle_geo_grp|turtle_rig_start:r_leg_geo|turtle_rig_start:r_leg_geoShape" 
		"vertexColorSource" " 2"
		2 "|turtle_rig_start:sea_turtle|turtle_rig_start:geometry|turtle_rig_start:turtle_geo_grp|turtle_rig_start:l_leg_geo|turtle_rig_start:l_leg_geoShape" 
		"intermediateObject" " 1"
		2 "|turtle_rig_start:sea_turtle|turtle_rig_start:geometry|turtle_rig_start:turtle_geo_grp|turtle_rig_start:l_leg_geo|turtle_rig_start:l_leg_geoShape" 
		"vertexColorSource" " 2"
		2 "|turtle_rig_start:sea_turtle|turtle_rig_start:geometry|turtle_rig_start:eyes_geo_grp|turtle_rig_start:l_eye_geo|turtle_rig_start:l_eye_geoShape" 
		"intermediateObject" " 1"
		2 "|turtle_rig_start:sea_turtle|turtle_rig_start:geometry|turtle_rig_start:eyes_geo_grp|turtle_rig_start:l_eye_geo|turtle_rig_start:l_eye_geoShape" 
		"vertexColorSource" " 2"
		2 "|turtle_rig_start:sea_turtle|turtle_rig_start:geometry|turtle_rig_start:eyes_geo_grp|turtle_rig_start:r_eye_geo|turtle_rig_start:r_eye_geoShape" 
		"intermediateObject" " 1"
		2 "|turtle_rig_start:sea_turtle|turtle_rig_start:geometry|turtle_rig_start:eyes_geo_grp|turtle_rig_start:r_eye_geo|turtle_rig_start:r_eye_geoShape" 
		"vertexColorSource" " 2"
		2 "|turtle_rig_start:sea_turtle|turtle_rig_start:controls|turtle_rig_start:offset_grp|turtle_rig_start:transform_ctrl_grp|turtle_rig_start:transform_ctrl|turtle_rig_start:cog_ctrl_grp|turtle_rig_start:cog_ctrl|turtle_rig_start:upper_body_ctrl_grp|turtle_rig_start:spine_ctrl_grp|turtle_rig_start:spine_01_ctrl_grp|turtle_rig_start:spine_01_ctrl" 
		"translate" " -type \"double3\" 0 0 0"
		2 "|turtle_rig_start:sea_turtle|turtle_rig_start:controls|turtle_rig_start:offset_grp|turtle_rig_start:transform_ctrl_grp|turtle_rig_start:transform_ctrl|turtle_rig_start:cog_ctrl_grp|turtle_rig_start:cog_ctrl|turtle_rig_start:upper_body_ctrl_grp|turtle_rig_start:spine_ctrl_grp|turtle_rig_start:spine_01_ctrl_grp|turtle_rig_start:spine_01_ctrl" 
		"rotate" " -type \"double3\" 0 0 0"
		2 "|turtle_rig_start:sea_turtle|turtle_rig_start:controls|turtle_rig_start:offset_grp|turtle_rig_start:transform_ctrl_grp|turtle_rig_start:transform_ctrl|turtle_rig_start:cog_ctrl_grp|turtle_rig_start:cog_ctrl|turtle_rig_start:upper_body_ctrl_grp|turtle_rig_start:spine_ctrl_grp|turtle_rig_start:spine_01_ctrl_grp|turtle_rig_start:spine_01_ctrl" 
		"rotatePivotTranslate" " -type \"double3\" 0 0 0"
		2 "|turtle_rig_start:sea_turtle|turtle_rig_start:controls|turtle_rig_start:offset_grp|turtle_rig_start:transform_ctrl_grp|turtle_rig_start:transform_ctrl|turtle_rig_start:cog_ctrl_grp|turtle_rig_start:cog_ctrl|turtle_rig_start:upper_body_ctrl_grp|turtle_rig_start:spine_ctrl_grp|turtle_rig_start:spine_02_ctrl_grp|turtle_rig_start:spine_02_ctrl" 
		"rotate" " -type \"double3\" 0 0 0"
		2 "|turtle_rig_start:sea_turtle|turtle_rig_start:controls|turtle_rig_start:offset_grp|turtle_rig_start:transform_ctrl_grp|turtle_rig_start:transform_ctrl|turtle_rig_start:cog_ctrl_grp|turtle_rig_start:cog_ctrl|turtle_rig_start:upper_body_ctrl_grp|turtle_rig_start:spine_ctrl_grp|turtle_rig_start:spine_02_ctrl_grp|turtle_rig_start:spine_02_ctrl" 
		"rotatePivotTranslate" " -type \"double3\" 0 0 0"
		2 "|turtle_rig_start:sea_turtle|turtle_rig_start:controls|turtle_rig_start:offset_grp|turtle_rig_start:transform_ctrl_grp|turtle_rig_start:transform_ctrl|turtle_rig_start:cog_ctrl_grp|turtle_rig_start:cog_ctrl|turtle_rig_start:upper_body_ctrl_grp|turtle_rig_start:spine_ctrl_grp|turtle_rig_start:spine_03_ctrl_grp|turtle_rig_start:spine_03_ctrl" 
		"translate" " -type \"double3\" 0 0 0"
		2 "|turtle_rig_start:sea_turtle|turtle_rig_start:controls|turtle_rig_start:offset_grp|turtle_rig_start:transform_ctrl_grp|turtle_rig_start:transform_ctrl|turtle_rig_start:cog_ctrl_grp|turtle_rig_start:cog_ctrl|turtle_rig_start:upper_body_ctrl_grp|turtle_rig_start:spine_ctrl_grp|turtle_rig_start:spine_03_ctrl_grp|turtle_rig_start:spine_03_ctrl" 
		"rotate" " -type \"double3\" 0 0 0"
		2 "|turtle_rig_start:sea_turtle|turtle_rig_start:controls|turtle_rig_start:offset_grp|turtle_rig_start:transform_ctrl_grp|turtle_rig_start:transform_ctrl|turtle_rig_start:cog_ctrl_grp|turtle_rig_start:cog_ctrl|turtle_rig_start:upper_body_ctrl_grp|turtle_rig_start:spine_ctrl_grp|turtle_rig_start:spine_03_ctrl_grp|turtle_rig_start:spine_03_ctrl" 
		"rotatePivotTranslate" " -type \"double3\" 0 0 0"
		2 "|turtle_rig_start:sea_turtle|turtle_rig_start:controls|turtle_rig_start:offset_grp|turtle_rig_start:transform_ctrl_grp|turtle_rig_start:transform_ctrl|turtle_rig_start:cog_ctrl_grp|turtle_rig_start:cog_ctrl|turtle_rig_start:upper_body_ctrl_grp|turtle_rig_start:neck_ctrl_grp|turtle_rig_start:neck_02_ctrl_grp|turtle_rig_start:neck_02_ctrl" 
		"rotate" " -type \"double3\" 0 0 0"
		2 "|turtle_rig_start:sea_turtle|turtle_rig_start:controls|turtle_rig_start:offset_grp|turtle_rig_start:transform_ctrl_grp|turtle_rig_start:transform_ctrl|turtle_rig_start:cog_ctrl_grp|turtle_rig_start:cog_ctrl|turtle_rig_start:upper_body_ctrl_grp|turtle_rig_start:neck_ctrl_grp|turtle_rig_start:neck_02_ctrl_grp|turtle_rig_start:neck_02_ctrl" 
		"rotatePivotTranslate" " -type \"double3\" 0 0 0"
		2 "|turtle_rig_start:sea_turtle|turtle_rig_start:controls|turtle_rig_start:offset_grp|turtle_rig_start:transform_ctrl_grp|turtle_rig_start:transform_ctrl|turtle_rig_start:cog_ctrl_grp|turtle_rig_start:cog_ctrl|turtle_rig_start:upper_body_ctrl_grp|turtle_rig_start:neck_ctrl_grp|turtle_rig_start:head_ctrl_grp|turtle_rig_start:head_ctrl" 
		"rotate" " -type \"double3\" 0 0 0"
		2 "|turtle_rig_start:sea_turtle|turtle_rig_start:controls|turtle_rig_start:offset_grp|turtle_rig_start:transform_ctrl_grp|turtle_rig_start:transform_ctrl|turtle_rig_start:cog_ctrl_grp|turtle_rig_start:cog_ctrl|turtle_rig_start:upper_body_ctrl_grp|turtle_rig_start:neck_ctrl_grp|turtle_rig_start:head_ctrl_grp|turtle_rig_start:head_ctrl" 
		"rotatePivotTranslate" " -type \"double3\" 0 0 0"
		2 "|turtle_rig_start:sea_turtle|turtle_rig_start:controls|turtle_rig_start:offset_grp|turtle_rig_start:transform_ctrl_grp|turtle_rig_start:transform_ctrl|turtle_rig_start:cog_ctrl_grp|turtle_rig_start:cog_ctrl|turtle_rig_start:lower_body_ctrl_grp|turtle_rig_start:hip_ctrl_grp|turtle_rig_start:hip_01_ctrl_grp|turtle_rig_start:hip_01_ctrl" 
		"rotate" " -type \"double3\" 0 0 0"
		2 "|turtle_rig_start:sea_turtle|turtle_rig_start:controls|turtle_rig_start:offset_grp|turtle_rig_start:transform_ctrl_grp|turtle_rig_start:transform_ctrl|turtle_rig_start:cog_ctrl_grp|turtle_rig_start:cog_ctrl|turtle_rig_start:lower_body_ctrl_grp|turtle_rig_start:hip_ctrl_grp|turtle_rig_start:hip_01_ctrl_grp|turtle_rig_start:hip_01_ctrl" 
		"rotatePivotTranslate" " -type \"double3\" 0 0 0"
		2 "|turtle_rig_start:sea_turtle|turtle_rig_start:skeleton|turtle_rig_start:hip_jnt_grp|turtle_rig_start:hip_01_jnt" 
		"useObjectColor" " 1"
		2 "|turtle_rig_start:sea_turtle|turtle_rig_start:skeleton|turtle_rig_start:hip_jnt_grp|turtle_rig_start:hip_01_jnt" 
		"objectColor" " 0"
		2 "|turtle_rig_start:sea_turtle|turtle_rig_start:skeleton|turtle_rig_start:hip_jnt_grp|turtle_rig_start:hip_01_jnt" 
		"bindPose" " -type \"matrix\" 0 0 1.00000000000000044 0 0 1 0 0 -1.00000000000000044 0 0 0 0 0.51646006107330322 -2.29939090942822233 1"
		
		2 "|turtle_rig_start:sea_turtle|turtle_rig_start:skeleton|turtle_rig_start:hip_jnt_grp|turtle_rig_start:hip_01_jnt" 
		"lockInfluenceWeights" " 0"
		2 "|turtle_rig_start:sea_turtle|turtle_rig_start:skeleton|turtle_rig_start:spine_jnt_grp|turtle_rig_start:spine_01_jnt" 
		"bindPose" " -type \"matrix\" 0 0 1.00000000000000044 0 0 1 0 0 -1.00000000000000044 0 0 0 0 0.51646006107330322 -2.29939090942822233 1"
		
		2 "|turtle_rig_start:sea_turtle|turtle_rig_start:skeleton|turtle_rig_start:spine_jnt_grp|turtle_rig_start:spine_01_jnt" 
		"lockInfluenceWeights" " 0"
		2 "|turtle_rig_start:sea_turtle|turtle_rig_start:skeleton|turtle_rig_start:spine_jnt_grp|turtle_rig_start:spine_02_jnt" 
		"bindPose" " -type \"matrix\" 0 0 1.00000000000000067 0 0 1 0 0 -1.00000000000000067 0 0 0 0 0.51646006107330322 -0.78807148867090238 1"
		
		2 "|turtle_rig_start:sea_turtle|turtle_rig_start:skeleton|turtle_rig_start:spine_jnt_grp|turtle_rig_start:spine_02_jnt" 
		"lockInfluenceWeights" " 1"
		2 "|turtle_rig_start:sea_turtle|turtle_rig_start:skeleton|turtle_rig_start:spine_jnt_grp|turtle_rig_start:spine_03_jnt" 
		"bindPose" " -type \"matrix\" 0 0 1.00000000000000089 0 0 1 0 0 -1.00000000000000089 0 0 0 0 0.51646006107330322 0.74134827780081314 1"
		
		2 "|turtle_rig_start:sea_turtle|turtle_rig_start:skeleton|turtle_rig_start:spine_jnt_grp|turtle_rig_start:spine_03_jnt" 
		"lockInfluenceWeights" " 1"
		2 "|turtle_rig_start:sea_turtle|turtle_rig_start:skeleton|turtle_rig_start:neck_jnt_grp|turtle_rig_start:neck_01_jnt" 
		"bindPose" " -type \"matrix\" 0 0 1.00000000000000111 0 0 1 0 0 -1.00000000000000111 0 0 0 0 -0.029192715883255227 3.42588102817535667 1"
		
		2 "|turtle_rig_start:sea_turtle|turtle_rig_start:skeleton|turtle_rig_start:neck_jnt_grp|turtle_rig_start:neck_01_jnt" 
		"lockInfluenceWeights" " 1"
		2 "|turtle_rig_start:sea_turtle|turtle_rig_start:skeleton|turtle_rig_start:neck_jnt_grp|turtle_rig_start:neck_02_jnt" 
		"bindPose" " -type \"matrix\" 0 0 1.00000000000000133 0 0 1 0 0 -1.00000000000000133 0 0 0 0 0.11082875728607167 4.33285379409790483 1"
		
		2 "|turtle_rig_start:sea_turtle|turtle_rig_start:skeleton|turtle_rig_start:neck_jnt_grp|turtle_rig_start:neck_02_jnt" 
		"lockInfluenceWeights" " 1"
		2 "|turtle_rig_start:sea_turtle|turtle_rig_start:skeleton|turtle_rig_start:neck_jnt_grp|turtle_rig_start:head_jnt" 
		"useObjectColor" " 1"
		2 "|turtle_rig_start:sea_turtle|turtle_rig_start:skeleton|turtle_rig_start:neck_jnt_grp|turtle_rig_start:head_jnt" 
		"objectColor" " 0"
		2 "|turtle_rig_start:sea_turtle|turtle_rig_start:skeleton|turtle_rig_start:neck_jnt_grp|turtle_rig_start:head_jnt" 
		"bindPose" " -type \"matrix\" 0 0 1.00000000000000155 0 0 1 0 0 -1.00000000000000155 0 0 0 0 0.29312112927436818 5.12086391448975142 1"
		
		2 "|turtle_rig_start:sea_turtle|turtle_rig_start:skeleton|turtle_rig_start:neck_jnt_grp|turtle_rig_start:head_jnt" 
		"lockInfluenceWeights" " 1"
		2 "|turtle_rig_start:sea_turtle|turtle_rig_start:skeleton|turtle_rig_start:l_leg_jnt_grp|turtle_rig_start:l_leg_01_jnt" 
		"bindPose" " -type \"matrix\" 0.77601792767163835 0.056693770704361067 -0.62815761739832332 0 -0.072863105202597825 0.9973419513387749 0 0 0.62648794388435924 0.045769514560307201 0.77808611843706788 0 1.3874559402465827 -0.54378765821456909 -3.82678127288818359 1"
		
		2 "|turtle_rig_start:sea_turtle|turtle_rig_start:skeleton|turtle_rig_start:l_leg_jnt_grp|turtle_rig_start:l_leg_01_jnt" 
		"lockInfluenceWeights" " 1"
		2 "|turtle_rig_start:sea_turtle|turtle_rig_start:skeleton|turtle_rig_start:l_leg_jnt_grp|turtle_rig_start:l_leg_02_jnt" 
		"bindPose" " -type \"matrix\" 0.79763008784034906 0.04614219081990293 -0.60137936545755966 0 -0.063463901011587789 0.99795516567184883 -0.0076039843018997693 0 0.59979877979218055 0.044231047186471008 0.79892742988621912 0 1.7754502702620798 -0.51544184196971776 -4.14084823605468788 1"
		
		2 "|turtle_rig_start:sea_turtle|turtle_rig_start:skeleton|turtle_rig_start:l_leg_jnt_grp|turtle_rig_start:l_leg_02_jnt" 
		"lockInfluenceWeights" " 1"
		2 "|turtle_rig_start:sea_turtle|turtle_rig_start:skeleton|turtle_rig_start:l_leg_jnt_grp|turtle_rig_start:l_leg_03_jnt" 
		"bindPose" " -type \"matrix\" 0.55732619381842441 -0.0021900206063584522 -0.83029074274835335 0 -0.037038926581507543 0.99893545152336349 -0.027496938147808951 0 0.82946707686415033 0.04607784174154067 0.55665177705535462 0 2.41990254469527644 -0.47816085135196018 -4.62673800598006935 1"
		
		2 "|turtle_rig_start:sea_turtle|turtle_rig_start:skeleton|turtle_rig_start:l_leg_jnt_grp|turtle_rig_start:l_leg_03_jnt" 
		"lockInfluenceWeights" " 1"
		2 "|turtle_rig_start:sea_turtle|turtle_rig_start:skeleton|turtle_rig_start:l_leg_jnt_grp|turtle_rig_start:l_leg_04_jnt" 
		"bindPose" " -type \"matrix\" 0.39870795309402307 -0.042219898865020956 -0.91610558795337615 0 -0.019025262896618968 0.99834393858056714 -0.05429014340702399 0 0.91688058519705273 0.03907506160287022 0.3972444235599073 0 2.90857080005369495 -0.48008107968642239 -5.35474385461827662 1"
		
		2 "|turtle_rig_start:sea_turtle|turtle_rig_start:skeleton|turtle_rig_start:l_leg_jnt_grp|turtle_rig_start:l_leg_04_jnt" 
		"lockInfluenceWeights" " 1"
		2 "|turtle_rig_start:sea_turtle|turtle_rig_start:skeleton|turtle_rig_start:l_leg_jnt_grp|turtle_rig_start:l_leg_05_jnt" 
		"bindPose" " -type \"matrix\" 0.39870795309402318 -0.042219898865020949 -0.91610558795337715 0 -0.019025262896619027 0.99834393858056736 -0.054290143407023983 0 0.91688058519705362 0.039075061602870269 0.39724442355990741 0 3.25875711229137854 -0.51716293514442746 -6.15936195911361306 1"
		
		2 "|turtle_rig_start:sea_turtle|turtle_rig_start:skeleton|turtle_rig_start:l_leg_jnt_grp|turtle_rig_start:l_leg_05_jnt" 
		"lockInfluenceWeights" " 1"
		2 "|turtle_rig_start:sea_turtle|turtle_rig_start:skeleton|turtle_rig_start:r_leg_jnt_grp|turtle_rig_start:r_leg_01_jnt" 
		"bindPose" " -type \"matrix\" 0.77601792767163869 -0.056693770704361157 0.62815761739832265 0 -0.072863105202595341 -0.99734195133877579 0 0 0.62648794388435924 -0.045769514560303128 -0.77808611843706887 0 -1.38746000000000014 -0.54378800000000027 -3.82677999999999852 1"
		
		2 "|turtle_rig_start:sea_turtle|turtle_rig_start:skeleton|turtle_rig_start:r_leg_jnt_grp|turtle_rig_start:r_leg_01_jnt" 
		"lockInfluenceWeights" " 1"
		2 "|turtle_rig_start:sea_turtle|turtle_rig_start:skeleton|turtle_rig_start:r_leg_jnt_grp|turtle_rig_start:r_leg_02_jnt" 
		"bindPose" " -type \"matrix\" 0.79763008784034961 -0.046142190819902826 0.60137936545755888 0 -0.063463901011584903 -0.99795516567184939 0.0076039843018961368 0 0.59979877979218021 -0.044231047186466345 -0.7989274298862199 0 -1.77545000000000042 -0.51544199999999951 -4.14085 1"
		
		2 "|turtle_rig_start:sea_turtle|turtle_rig_start:skeleton|turtle_rig_start:r_leg_jnt_grp|turtle_rig_start:r_leg_02_jnt" 
		"lockInfluenceWeights" " 1"
		2 "|turtle_rig_start:sea_turtle|turtle_rig_start:skeleton|turtle_rig_start:r_leg_jnt_grp|turtle_rig_start:r_leg_03_jnt" 
		"bindPose" " -type \"matrix\" 0.55732619381842485 0.0021900206063646828 0.83029074274835302 0 -0.037038926581516023 -0.99893545152336283 0.027496938147822177 0 0.82946707686415 -0.046077841741555076 -0.55665177705535474 0 -2.4199 -0.47816100000000017 -4.62674 1"
		
		2 "|turtle_rig_start:sea_turtle|turtle_rig_start:skeleton|turtle_rig_start:r_leg_jnt_grp|turtle_rig_start:r_leg_03_jnt" 
		"lockInfluenceWeights" " 1"
		2 "|turtle_rig_start:sea_turtle|turtle_rig_start:skeleton|turtle_rig_start:r_leg_jnt_grp|turtle_rig_start:r_leg_04_jnt" 
		"bindPose" " -type \"matrix\" 0.39870795309402429 0.042219898865020949 0.91610558795337549 0 -0.019025262896615033 -0.99834393858056703 0.054290143407022332 0 0.9168805851970524 -0.039075061602866015 -0.39724442355990902 0 -2.90857 -0.48008100000000009 -5.35474 1"
		
		2 "|turtle_rig_start:sea_turtle|turtle_rig_start:skeleton|turtle_rig_start:r_leg_jnt_grp|turtle_rig_start:r_leg_04_jnt" 
		"lockInfluenceWeights" " 1"
		2 "|turtle_rig_start:sea_turtle|turtle_rig_start:skeleton|turtle_rig_start:r_leg_jnt_grp|turtle_rig_start:r_leg_05_jnt" 
		"bindPose" " -type \"matrix\" 0.39870795309402401 0.042219898865020894 0.91610558795337638 0 -0.019025262896615526 -0.99834393858056725 0.054290143407022443 0 0.91688058519705329 -0.039075061602866487 -0.39724442355990869 0 -3.25876 -0.51716300000000048 -6.15936000000000128 1"
		
		2 "|turtle_rig_start:sea_turtle|turtle_rig_start:skeleton|turtle_rig_start:r_leg_jnt_grp|turtle_rig_start:r_leg_05_jnt" 
		"lockInfluenceWeights" " 1"
		2 "|turtle_rig_start:sea_turtle|turtle_rig_start:skeleton|turtle_rig_start:l_arm_jnt_grp|turtle_rig_start:l_clav_jnt" 
		"bindPose" " -type \"matrix\" 0.99058553051275444 0 0.13689524001500636 0 0 1 0 0 -0.13689524001500636 0 0.99058553051275444 0 0.32130694389343295 -0.55037277936935436 1.81826370954513727 1"
		
		2 "|turtle_rig_start:sea_turtle|turtle_rig_start:skeleton|turtle_rig_start:l_arm_jnt_grp|turtle_rig_start:l_clav_jnt" 
		"lockInfluenceWeights" " 1"
		2 "|turtle_rig_start:sea_turtle|turtle_rig_start:skeleton|turtle_rig_start:l_arm_jnt_grp|turtle_rig_start:l_arm_01_jnt" 
		"bindPose" " -type \"matrix\" 0.9710314757280748 -0.074875969913977394 -0.22691730272238023 0 0.079426505681765222 0.99678029062809492 0.010976447993572343 0 0.22536482276642847 -0.028681724927420982 0.97385217323505824 0 2.65034341812134056 -0.55037277936935425 2.14012789726257235 1"
		
		2 "|turtle_rig_start:sea_turtle|turtle_rig_start:skeleton|turtle_rig_start:l_arm_jnt_grp|turtle_rig_start:l_arm_01_jnt" 
		"lockInfluenceWeights" " 1"
		2 "|turtle_rig_start:sea_turtle|turtle_rig_start:skeleton|turtle_rig_start:l_arm_jnt_grp|turtle_rig_start:l_arm_02_jnt" 
		"bindPose" " -type \"matrix\" 0.66610060597379173 0.010127045030947137 -0.74579315207387809 0 0.014108557043104139 0.99955784107924017 0.02617386015035382 0 0.74572845683902289 -0.027956489335214683 0.66566320565623915 0 3.64349269866943715 -0.62695424712728742 1.90804195404052535 1"
		
		2 "|turtle_rig_start:sea_turtle|turtle_rig_start:skeleton|turtle_rig_start:l_arm_jnt_grp|turtle_rig_start:l_arm_02_jnt" 
		"lockInfluenceWeights" " 1"
		2 "|turtle_rig_start:sea_turtle|turtle_rig_start:skeleton|turtle_rig_start:l_arm_jnt_grp|turtle_rig_start:l_arm_03_jnt" 
		"bindPose" " -type \"matrix\" 0.21286825053111713 0.064756964010074636 -0.97493263537950237 0 -0.018207199011142174 0.99789097402423454 0.062306515430829296 0 0.97691125790421329 0.004487713578361213 0.21359834879242029 0 4.68442313111770847 -0.61112848556972899 0.74257418334198022 1"
		
		2 "|turtle_rig_start:sea_turtle|turtle_rig_start:skeleton|turtle_rig_start:l_arm_jnt_grp|turtle_rig_start:l_arm_03_jnt" 
		"lockInfluenceWeights" " 1"
		2 "|turtle_rig_start:sea_turtle|turtle_rig_start:skeleton|turtle_rig_start:l_arm_jnt_grp|turtle_rig_start:l_arm_04_jnt" 
		"bindPose" " -type \"matrix\" 0.21286825053111672 0.064756964010074664 -0.97493263537950103 0 -0.018207199011142244 0.99789097402423521 0.062306515430829275 0 0.9769112579042124 0.0044877135783613015 0.21359834879241962 0 5.09253548726365857 -0.48697602463170625 -1.12657283090543636 1"
		
		2 "|turtle_rig_start:sea_turtle|turtle_rig_start:skeleton|turtle_rig_start:l_arm_jnt_grp|turtle_rig_start:l_arm_04_jnt" 
		"lockInfluenceWeights" " 1"
		2 "|turtle_rig_start:sea_turtle|turtle_rig_start:skeleton|turtle_rig_start:r_arm_jnt_grp|turtle_rig_start:r_clav_jnt" 
		"bindPose" " -type \"matrix\" 0.99058553051275444 0 -0.13689524001500636 0 0 -1 0 0 -0.13689524001500636 0 -0.99058553051275466 0 -0.3213070000000004 -0.55037299999999978 1.81826000000000154 1"
		
		2 "|turtle_rig_start:sea_turtle|turtle_rig_start:skeleton|turtle_rig_start:r_arm_jnt_grp|turtle_rig_start:r_clav_jnt" 
		"lockInfluenceWeights" " 1"
		2 "|turtle_rig_start:sea_turtle|turtle_rig_start:skeleton|turtle_rig_start:r_arm_jnt_grp|turtle_rig_start:r_arm_01_jnt" 
		"bindPose" " -type \"matrix\" 0.9710314757280748 0.074875969913977394 0.22691730272238023 0 0.079426505681765222 -0.99678029062809492 -0.010976447993572336 0 0.22536482276642847 0.028681724927420976 -0.97385217323505824 0 -2.65034000000000169 -0.55037300000000011 2.14013000000000231 1"
		
		2 "|turtle_rig_start:sea_turtle|turtle_rig_start:skeleton|turtle_rig_start:r_arm_jnt_grp|turtle_rig_start:r_arm_01_jnt" 
		"lockInfluenceWeights" " 1"
		2 "|turtle_rig_start:sea_turtle|turtle_rig_start:skeleton|turtle_rig_start:r_arm_jnt_grp|turtle_rig_start:r_arm_02_jnt" 
		"bindPose" " -type \"matrix\" 0.66610060597379173 -0.010127045030946392 0.74579315207387797 0 0.014108557043103839 -0.99955784107924051 -0.02617386015035256 0 0.745728456839023 0.027956489335213618 -0.66566320565623927 0 -3.64349000000000256 -0.62695400000000046 1.90804000000000307 1"
		
		2 "|turtle_rig_start:sea_turtle|turtle_rig_start:skeleton|turtle_rig_start:r_arm_jnt_grp|turtle_rig_start:r_arm_02_jnt" 
		"lockInfluenceWeights" " 1"
		2 "|turtle_rig_start:sea_turtle|turtle_rig_start:skeleton|turtle_rig_start:r_arm_jnt_grp|turtle_rig_start:r_arm_03_jnt" 
		"bindPose" " -type \"matrix\" 0.21286825053111691 -0.064756964010074622 0.97493263537950225 0 -0.018207199011142899 -0.99789097402423499 -0.062306515430829157 0 0.9769112579042134 -0.0044877135783619789 -0.21359834879242012 0 -4.68442000000000203 -0.61112800000000012 0.74257400000000195 1"
		
		2 "|turtle_rig_start:sea_turtle|turtle_rig_start:skeleton|turtle_rig_start:r_arm_jnt_grp|turtle_rig_start:r_arm_03_jnt" 
		"lockInfluenceWeights" " 1"
