//Maya ASCII 2025ff03 scene
//Name: Architecture.ma
//Last modified: Sun, Sep 07, 2025 05:37:42 PM
//Codeset: 1252
requires maya "2025ff03";
requires "mtoa" "5.4.2.1";
currentUnit -l centimeter -a degree -t film;
fileInfo "application" "maya";
fileInfo "product" "Maya 2025";
fileInfo "version" "2025";
fileInfo "cutIdentifier" "202407121012-8ed02f4c99";
fileInfo "osv" "Windows 11 Home v2009 (Build: 26100)";
fileInfo "UUID" "B18E3DC7-4CE1-B77F-485E-D79FAE4BDEB4";
createNode transform -s -n "persp";
	rename -uid "DA9CDB3C-4E98-6F57-3326-A4AC47B32427";
	setAttr ".t" -type "double3" 2.4951408761353053 4.5841436425167066 -20.455735601686882 ;
	setAttr ".r" -type "double3" 348.59999999936082 -186.39999999997309 360 ;
	setAttr ".rpt" -type "double3" 1.1861713959571013e-16 6.5496703931770426e-16 -8.4895842055039253e-17 ;
createNode camera -s -n "perspShape" -p "persp";
	rename -uid "87C9B9F0-4764-26EF-F2F2-2D92A35EF961";
	setAttr -k off ".v";
	setAttr ".fl" 34.999999999999979;
	setAttr ".coi" 21.050628993154543;
	setAttr ".imn" -type "string" "persp";
	setAttr ".den" -type "string" "persp_depth";
	setAttr ".man" -type "string" "persp_mask";
	setAttr ".tp" -type "double3" 0.72684665984208108 2.4146553141648912 0.50000002431720714 ;
	setAttr ".hc" -type "string" "viewSet -p %camera";
createNode transform -s -n "top";
	rename -uid "88D64DDF-4AD1-4AFF-02D9-809C420DE5F7";
	setAttr ".t" -type "double3" 0 1000.1 0 ;
	setAttr ".r" -type "double3" -90 0 0 ;
createNode camera -s -n "topShape" -p "top";
	rename -uid "D1ED598F-4820-4A97-1CBD-C1B617717046";
	setAttr -k off ".v";
	setAttr ".rnd" no;
	setAttr ".coi" 1000.1;
	setAttr ".ow" 14.994489264496957;
	setAttr ".imn" -type "string" "top";
	setAttr ".den" -type "string" "top_depth";
	setAttr ".man" -type "string" "top_mask";
	setAttr ".hc" -type "string" "viewSet -t %camera";
	setAttr ".o" yes;
	setAttr ".ai_translator" -type "string" "orthographic";
createNode transform -s -n "front";
	rename -uid "869F28F8-419D-187C-DE3E-448028E0D0C0";
	setAttr ".t" -type "double3" 0 0 1000.1 ;
createNode camera -s -n "frontShape" -p "front";
	rename -uid "38BCA643-405D-0EE7-5C9F-BEB53D328BE6";
	setAttr -k off ".v";
	setAttr ".rnd" no;
	setAttr ".coi" 1000.1;
	setAttr ".ow" 30;
	setAttr ".imn" -type "string" "front";
	setAttr ".den" -type "string" "front_depth";
	setAttr ".man" -type "string" "front_mask";
	setAttr ".hc" -type "string" "viewSet -f %camera";
	setAttr ".o" yes;
	setAttr ".ai_translator" -type "string" "orthographic";
createNode transform -s -n "side";
	rename -uid "033416CA-485F-05B6-1FDD-6E96E491A3CE";
	setAttr ".v" no;
	setAttr ".t" -type "double3" 1000.1 0 0 ;
	setAttr ".r" -type "double3" 0 90 0 ;
createNode camera -s -n "sideShape" -p "side";
	rename -uid "90EC640D-4B16-0180-5F3D-17953EB30AE9";
	setAttr -k off ".v" no;
	setAttr ".rnd" no;
	setAttr ".coi" 1000.1;
	setAttr ".ow" 30;
	setAttr ".imn" -type "string" "side";
	setAttr ".den" -type "string" "side_depth";
	setAttr ".man" -type "string" "side_mask";
	setAttr ".hc" -type "string" "viewSet -s %camera";
	setAttr ".o" yes;
	setAttr ".ai_translator" -type "string" "orthographic";
createNode transform -n "References";
	rename -uid "98A4C37B-49DC-5121-508F-CBA7DA8C9E0B";
createNode transform -n "imagePlane1" -p "References";
	rename -uid "8CB7B3BD-414C-1BFB-FE89-5F97D395F93A";
	setAttr ".t" -type "double3" 0 0.30565188382478992 0 ;
	setAttr ".r" -type "double3" -90 0 0 ;
createNode transform -n "imagePlane2" -p "References";
	rename -uid "B651B3C0-4E54-0B56-2E85-319A7FC4BB50";
	setAttr ".t" -type "double3" 0 3.4417242980216054 12 ;
	setAttr ".s" -type "double3" 1.9839810196337826 1.9839810196337826 1.9839810196337826 ;
createNode imagePlane -n "imagePlaneShape1" -p "imagePlane2";
	rename -uid "9B6E8F04-4F15-FCF5-F0CA-7087666D4328";
	setAttr -k off ".v";
	setAttr ".fc" 100;
	setAttr ".imn" -type "string" "C:/Users/kylee/Documents/maya/projects/default/images/Screenshot 2025-09-07 151024.png";
	setAttr ".cov" -type "short2" 107 360 ;
	setAttr ".dlc" no;
	setAttr ".w" 1.07;
	setAttr ".h" 3.6;
	setAttr ".cs" -type "string" "sRGB";
createNode transform -n "imagePlane3" -p "References";
	rename -uid "4AFB61BD-4FEA-55B4-FD79-3891BEEAD3E4";
	setAttr ".t" -type "double3" 3.7600716204118161 3.4417242980216054 12 ;
createNode imagePlane -n "imagePlaneShape2" -p "imagePlane3";
	rename -uid "D962FE83-4183-578F-FA9E-49A780F266E8";
	setAttr -k off ".v";
	setAttr ".fc" 100;
	setAttr ".imn" -type "string" "C:/Users/kylee/Documents/maya/projects/default/images/Screenshot 2025-09-07 151154.png";
	setAttr ".cov" -type "short2" 564 681 ;
	setAttr ".dlc" no;
	setAttr ".w" 5.64;
	setAttr ".h" 6.81;
	setAttr ".cs" -type "string" "sRGB";
createNode transform -n "imagePlane4" -p "References";
	rename -uid "FD890664-4CD7-58B4-5150-CC84ADCA7FAC";
	setAttr ".t" -type "double3" -3.8943598925693834 3.4417242980216054 12 ;
createNode imagePlane -n "imagePlaneShape3" -p "imagePlane4";
	rename -uid "339612FE-4E93-5BEC-B0E0-6F933A621FF9";
	setAttr -k off ".v";
	setAttr ".fc" 100;
	setAttr ".imn" -type "string" "C:/Users/kylee/Documents/maya/projects/default/images/Screenshot 2025-09-07 151215.png";
	setAttr ".cov" -type "short2" 622 741 ;
	setAttr ".dlc" no;
	setAttr ".w" 6.22;
	setAttr ".h" 7.4099999999999993;
	setAttr ".cs" -type "string" "sRGB";
createNode transform -n "Pillar1";
	rename -uid "3B5D811D-44C2-329E-8F24-F9BEE3D8FCDB";
	setAttr ".rp" -type "double3" 2 0 -1 ;
	setAttr ".sp" -type "double3" 2 0 -1 ;
createNode mesh -n "Pillar1Shape" -p "Pillar1";
	rename -uid "A24DD402-412D-7ECF-60EE-98A5EA9E11B5";
	setAttr -k off ".v";
	setAttr ".iog[0].og[0].gcl" -type "componentList" 1 "f[0:1293]";
	setAttr ".vir" yes;
	setAttr ".vif" yes;
	setAttr -s 13 ".gtag";
	setAttr ".gtag[0].gtagnm" -type "string" "back";
	setAttr ".gtag[0].gtagcmp" -type "componentList" 8 "f[1261]" "f[1266]" "f[1270]" "f[1274]" "f[1278]" "f[1283]" "f[1287]" "f[1291]";
	setAttr ".gtag[1].gtagnm" -type "string" "bottom";
	setAttr ".gtag[1].gtagcmp" -type "componentList" 2 "f[1262]" "f[1279]";
	setAttr ".gtag[2].gtagnm" -type "string" "bottomRing";
	setAttr ".gtag[2].gtagcmp" -type "componentList" 4 "e[0:19]" "e[620:639]" "e[1260:1279]" "e[1500:1519]";
	setAttr ".gtag[3].gtagnm" -type "string" "cylBottomCap";
	setAttr ".gtag[3].gtagcmp" -type "componentList" 3 "vtx[0:19]" "vtx[320:339]" "vtx[660:679]";
	setAttr ".gtag[4].gtagnm" -type "string" "cylBottomRing";
	setAttr ".gtag[4].gtagcmp" -type "componentList" 3 "vtx[0:19]" "vtx[320:339]" "vtx[660:679]";
	setAttr ".gtag[5].gtagnm" -type "string" "cylSides";
	setAttr ".gtag[5].gtagcmp" -type "componentList" 3 "vtx[0:19]" "vtx[320:359]" "vtx[660:679]";
	setAttr ".gtag[6].gtagnm" -type "string" "cylTopCap";
	setAttr ".gtag[6].gtagcmp" -type "componentList" 1 "vtx[340:359]";
	setAttr ".gtag[7].gtagnm" -type "string" "cylTopRing";
	setAttr ".gtag[7].gtagcmp" -type "componentList" 1 "vtx[340:359]";
	setAttr ".gtag[8].gtagnm" -type "string" "front";
	setAttr ".gtag[8].gtagcmp" -type "componentList" 8 "f[1260]" "f[1265]" "f[1269]" "f[1273]" "f[1277]" "f[1282]" "f[1286]" "f[1290]";
	setAttr ".gtag[9].gtagnm" -type "string" "left";
	setAttr ".gtag[9].gtagcmp" -type "componentList" 8 "f[1264]" "f[1267]" "f[1271]" "f[1275]" "f[1281]" "f[1284]" "f[1288]" "f[1292]";
	setAttr ".gtag[10].gtagnm" -type "string" "right";
	setAttr ".gtag[10].gtagcmp" -type "componentList" 8 "f[1263]" "f[1268]" "f[1272]" "f[1276]" "f[1280]" "f[1285]" "f[1289]" "f[1293]";
	setAttr ".gtag[11].gtagnm" -type "string" "sides";
	setAttr ".gtag[11].gtagcmp" -type "componentList" 1 "f[0:1259]";
	setAttr ".gtag[12].gtagnm" -type "string" "topRing";
	setAttr ".gtag[12].gtagcmp" -type "componentList" 2 "e[640:659]" "e[1520:1539]";
	setAttr ".uvst[0].uvsn" -type "string" "map1";
	setAttr -s 2042 ".uvst[0].uvsp";
	setAttr ".uvst[0].uvsp[0:249]" -type "float2" 0.375 0.3125 0.38749999 0.3125
		 0.39999998 0.3125 0.41249996 0.3125 0.42499995 0.3125 0.43749994 0.3125 0.44999993
		 0.3125 0.46249992 0.3125 0.4749999 0.3125 0.48749989 0.3125 0.49999988 0.3125 0.51249987
		 0.3125 0.52499986 0.3125 0.53749985 0.3125 0.54999983 0.3125 0.56249982 0.3125 0.57499981
		 0.3125 0.5874998 0.3125 0.59999979 0.3125 0.61249977 0.3125 0.62499976 0.3125 0.375
		 0.30461425 0.38749999 0.30461425 0.38749999 0.30461425 0.39999998 0.30461425 0.39999998
		 0.30461425 0.41249996 0.30461425 0.41249996 0.30461425 0.42499995 0.30461425 0.42499995
		 0.30461425 0.43749994 0.30461425 0.43749994 0.30461425 0.44999993 0.30461425 0.44999993
		 0.30461425 0.46249992 0.30461425 0.46249992 0.30461425 0.4749999 0.30461425 0.4749999
		 0.30461425 0.48749989 0.30461425 0.48749989 0.30461425 0.49999988 0.30461425 0.49999988
		 0.30461425 0.51249987 0.30461425 0.51249987 0.30461425 0.52499986 0.30461425 0.52499986
		 0.30461425 0.53749985 0.30461425 0.53749985 0.30461425 0.54999983 0.30461425 0.54999983
		 0.30461425 0.56249982 0.30461425 0.56249982 0.30461425 0.57499981 0.30461425 0.57499981
		 0.30461425 0.5874998 0.30461425 0.5874998 0.30461425 0.59999979 0.30461425 0.59999979
		 0.30461425 0.61249977 0.30461425 0.61249977 0.30461425 0.62499976 0.30461425 0.37686107
		 0.30461425 0.37686107 0.3125 0.38936105 0.30461425 0.38936105 0.3125 0.40186104 0.30461425
		 0.40186104 0.3125 0.41436103 0.30461425 0.41436103 0.3125 0.42686102 0.30461425 0.42686102
		 0.3125 0.43936101 0.30461425 0.43936101 0.3125 0.45186099 0.30461425 0.45186099 0.3125
		 0.46436098 0.30461425 0.46436098 0.3125 0.47686097 0.30461425 0.47686097 0.3125 0.48936096
		 0.30461425 0.48936096 0.3125 0.50186092 0.30461425 0.50186092 0.3125 0.5143609 0.30461425
		 0.5143609 0.3125 0.52686089 0.30461425 0.52686089 0.3125 0.53936088 0.30461425 0.53936088
		 0.3125 0.55186087 0.30461425 0.55186087 0.3125 0.56436086 0.30461425 0.56436086 0.3125
		 0.57686085 0.30461425 0.57686085 0.3125 0.58936083 0.30461425 0.58936083 0.3125 0.60186082
		 0.30461425 0.60186082 0.3125 0.61436081 0.30461425 0.61436081 0.3125 0.37627283 0.30461425
		 0.37627283 0.3125 0.38877282 0.30461425 0.38877282 0.3125 0.4012728 0.30461425 0.4012728
		 0.3125 0.41377279 0.30461425 0.41377279 0.3125 0.42627278 0.30461425 0.42627278 0.3125
		 0.43877277 0.30461425 0.43877277 0.3125 0.45127276 0.30461425 0.45127276 0.3125 0.46377274
		 0.30461425 0.46377274 0.3125 0.47627273 0.30461425 0.47627273 0.3125 0.48877272 0.30461425
		 0.48877272 0.3125 0.50127274 0.30461425 0.50127274 0.3125 0.51377273 0.30461425 0.51377273
		 0.3125 0.52627271 0.30461425 0.52627271 0.3125 0.5387727 0.30461425 0.5387727 0.3125
		 0.55127269 0.30461425 0.55127269 0.3125 0.56377268 0.30461425 0.56377268 0.3125 0.57627267
		 0.30461425 0.57627267 0.3125 0.58877265 0.30461425 0.58877265 0.3125 0.60127264 0.30461425
		 0.60127264 0.3125 0.61377263 0.30461425 0.61377263 0.3125 0.38215622 0.30461425 0.38215622
		 0.3125 0.39458948 0.30461425 0.39458948 0.3125 0.40700608 0.30461425 0.40700608 0.3125
		 0.41943789 0.30461425 0.41943789 0.3125 0.43191168 0.30461425 0.43191168 0.3125 0.44443789
		 0.30461425 0.44443789 0.3125 0.45700604 0.30461425 0.45700604 0.3125 0.46958941 0.30461425
		 0.46958941 0.3125 0.48215613 0.30461425 0.48215613 0.3125 0.49468145 0.30461425 0.49468145
		 0.3125 0.50715607 0.30461425 0.50715607 0.3125 0.51958936 0.30461425 0.51958936 0.3125
		 0.53200597 0.30461425 0.53200597 0.3125 0.54443777 0.30461425 0.54443777 0.3125 0.55691153
		 0.30461425 0.55691153 0.3125 0.56943774 0.30461425 0.56943774 0.3125 0.58200592 0.30461425
		 0.58200592 0.3125 0.59458929 0.30461425 0.59458929 0.3125 0.60715598 0.30461425 0.60715598
		 0.3125 0.6196813 0.30461425 0.6196813 0.3125 0.38092402 0.30461425 0.38092402 0.3125
		 0.3936469 0.30461425 0.3936469 0.3125 0.40640292 0.30461425 0.40640292 0.3125 0.41908875
		 0.30461425 0.41908875 0.3125 0.43162107 0.30461425 0.43162107 0.3125 0.44398701 0.30461425
		 0.44398701 0.3125 0.45624983 0.30461425 0.45624983 0.3125 0.46850663 0.30461425 0.46850663
		 0.3125 0.48084307 0.30461425 0.48084307 0.3125 0.49331158 0.30461425 0.49331158 0.3125
		 0.50592393 0.30461425 0.50592393 0.3125 0.51864678 0.30461425 0.51864678 0.3125 0.53140283
		 0.30461425 0.53140283 0.3125 0.5440886 0.30461425 0.5440886 0.3125 0.55662096 0.30461425
		 0.55662096 0.3125 0.56898689 0.30461425 0.56898689 0.3125 0.58124971 0.30461425 0.58124971
		 0.3125 0.59350652 0.30461425 0.59350652 0.3125 0.60584295 0.30461425 0.60584295 0.3125
		 0.61831146 0.30461425 0.61831146 0.3125 0.38376552 0.30461425 0.38376552 0.3125 0.3964701
		 0.30461425 0.3964701 0.3125 0.40918973 0.30461425 0.40918973 0.3125 0.42183381 0.30461425
		 0.42183381 0.3125 0.4343338 0.30461425 0.4343338 0.3125 0.4466897 0.30461425 0.4466897
		 0.3125 0.45897004 0.30461425 0.45897004 0.3125 0.47126544 0.30461425 0.47126544 0.3125
		 0.48364574 0.30461425 0.48364574 0.3125 0.49614573 0.30461425 0.49614573 0.3125 0.5087654
		 0.30461425 0.5087654 0.3125 0.52147001 0.30461425 0.52147001 0.3125 0.53418964 0.30461425
		 0.53418964 0.3125 0.54683369 0.30461425 0.54683369 0.3125 0.55933368 0.30461425;
	setAttr ".uvst[0].uvsp[250:499]" 0.55933368 0.3125 0.57168961 0.30461425 0.57168961
		 0.3125 0.58396995 0.30461425 0.58396995 0.3125 0.59626532 0.30461425 0.59626532 0.3125
		 0.60864562 0.30461425 0.60864562 0.3125 0.62114561 0.30461425 0.62114561 0.3125 0.38471016
		 0.30461425 0.38471016 0.3125 0.39748189 0.30461425 0.39748189 0.3125 0.41028312 0.30461425
		 0.41028312 0.3125 0.4229908 0.30461425 0.4229908 0.3125 0.43550849 0.30461425 0.43550849
		 0.3125 0.44782883 0.30461425 0.44782883 0.3125 0.46003729 0.30461425 0.46003729 0.3125
		 0.47225413 0.30461425 0.47225413 0.3125 0.48457751 0.30461425 0.48457751 0.3125 0.49706084
		 0.30461425 0.49706084 0.3125 0.50971001 0.30461425 0.50971001 0.3125 0.5224818 0.30461425
		 0.5224818 0.3125 0.53528303 0.30461425 0.53528303 0.3125 0.54799068 0.30461425 0.54799068
		 0.3125 0.56050837 0.30461425 0.56050837 0.3125 0.57282871 0.30461425 0.57282871 0.3125
		 0.58503717 0.30461425 0.58503717 0.3125 0.59725404 0.30461425 0.59725404 0.3125 0.60957736
		 0.30461425 0.60957736 0.3125 0.62206072 0.30461425 0.62206072 0.3125 0.37743038 0.30461425
		 0.37743038 0.3125 0.39003998 0.30461425 0.39003998 0.3125 0.40266758 0.30461425 0.40266758
		 0.3125 0.41526198 0.30461425 0.41526198 0.3125 0.42778182 0.30461425 0.42778182 0.3125
		 0.44021934 0.30461425 0.44021934 0.3125 0.45260379 0.30461425 0.45260379 0.3125 0.46498194
		 0.30461425 0.46498194 0.3125 0.47739711 0.30461425 0.47739711 0.3125 0.48987734 0.30461425
		 0.48987734 0.3125 0.50243026 0.30461425 0.50243026 0.3125 0.51503986 0.30461425 0.51503986
		 0.3125 0.52766746 0.30461425 0.52766746 0.3125 0.54026186 0.30461425 0.54026186 0.3125
		 0.5527817 0.30461425 0.5527817 0.3125 0.56521922 0.30461425 0.56521922 0.3125 0.57760364
		 0.30461425 0.57760364 0.3125 0.58998185 0.30461425 0.58998185 0.3125 0.60239697 0.30461425
		 0.60239697 0.3125 0.61487722 0.30461425 0.61487722 0.3125 0.37643528 0.30461425 0.37643528
		 0.3125 0.38896877 0.30461425 0.38896877 0.3125 0.40150473 0.30461425 0.40150473 0.3125
		 0.41402829 0.30461425 0.41402829 0.3125 0.42652828 0.30461425 0.42652828 0.3125 0.43900469
		 0.30461425 0.43900469 0.3125 0.45146871 0.30461425 0.45146871 0.3125 0.4639352 0.30461425
		 0.4639352 0.3125 0.47641557 0.30461425 0.47641557 0.3125 0.48891556 0.30461425 0.48891556
		 0.3125 0.50143516 0.30461425 0.50143516 0.3125 0.51396865 0.30461425 0.51396865 0.3125
		 0.52650458 0.30461425 0.52650458 0.3125 0.53902817 0.30461425 0.53902817 0.3125 0.55152816
		 0.30461425 0.55152816 0.3125 0.56400454 0.30461425 0.56400454 0.3125 0.57646859 0.30461425
		 0.57646859 0.3125 0.58893508 0.30461425 0.58893508 0.3125 0.60141546 0.30461425 0.60141546
		 0.3125 0.61391544 0.30461425 0.61391544 0.3125 0.37663314 0.30461425 0.37663314 0.3125
		 0.38920677 0.30461425 0.38920677 0.3125 0.40179253 0.30461425 0.40179253 0.3125 0.41435596
		 0.30461425 0.41435596 0.3125 0.42686927 0.30461425 0.42686927 0.3125 0.43932727 0.30461425
		 0.43932727 0.3125 0.45174962 0.30461425 0.45174962 0.3125 0.46416777 0.30461425 0.46416777
		 0.3125 0.47661075 0.30461425 0.47661075 0.3125 0.48909745 0.30461425 0.48909745 0.3125
		 0.50163299 0.30461425 0.50163299 0.3125 0.51420665 0.30461425 0.51420665 0.3125 0.52679241
		 0.30461425 0.52679241 0.3125 0.53935581 0.30461425 0.53935581 0.3125 0.55186915 0.30461425
		 0.55186915 0.3125 0.56432718 0.30461425 0.56432718 0.3125 0.5767495 0.30461425 0.5767495
		 0.3125 0.58916765 0.30461425 0.58916765 0.3125 0.6016106 0.30461425 0.6016106 0.3125
		 0.61409736 0.30461425 0.61409736 0.3125 0.37653419 0.30461425 0.37653419 0.3125 0.38907
		 0.30461425 0.38907 0.3125 0.40160844 0.30461425 0.40160844 0.3125 0.41413364 0.30461425
		 0.41413364 0.3125 0.42663363 0.30461425 0.42663363 0.3125 0.4391084 0.30461425 0.4391084
		 0.3125 0.45156994 0.30461425 0.45156994 0.3125 0.46403411 0.30461425 0.46403411 0.3125
		 0.47651318 0.30461425 0.47651318 0.3125 0.48901317 0.30461425 0.48901317 0.3125 0.5015341
		 0.30461425 0.5015341 0.3125 0.51406991 0.30461425 0.51406991 0.3125 0.52660835 0.30461425
		 0.52660835 0.3125 0.53913355 0.30461425 0.53913355 0.3125 0.55163354 0.30461425 0.55163354
		 0.3125 0.56410831 0.30461425 0.56410831 0.3125 0.57656986 0.30461425 0.57656986 0.3125
		 0.58903402 0.30461425 0.58903402 0.3125 0.60151303 0.30461425 0.60151303 0.3125 0.61401302
		 0.30461425 0.61401302 0.3125 0.3766709 0.30461425 0.3766709 0.3125 0.38924623 0.30461425
		 0.38924623 0.3125 0.40183398 0.30461425 0.40183398 0.3125 0.41439888 0.30461425 0.41439888
		 0.3125 0.42691249 0.30461425 0.42691249 0.3125 0.43936953 0.30461425 0.43936953 0.3125
		 0.45179009 0.30461425 0.45179009 0.3125 0.46420634 0.30461425 0.46420634 0.3125 0.476648
		 0.30461425 0.476648 0.3125 0.4891344 0.30461425 0.4891344 0.3125 0.50167078 0.30461425
		 0.50167078 0.3125 0.51424611 0.30461425 0.51424611 0.3125 0.52683383 0.30461425 0.52683383
		 0.3125 0.53939879 0.30461425 0.53939879 0.3125 0.55191237 0.30461425 0.55191237 0.3125
		 0.56436944 0.30461425 0.56436944 0.3125 0.57678998 0.30461425 0.57678998 0.3125 0.58920622
		 0.30461425 0.58920622 0.3125 0.60164785 0.30461425 0.60164785 0.3125 0.61413425 0.30461425;
	setAttr ".uvst[0].uvsp[500:749]" 0.61413425 0.3125 0.37625593 0.30461425 0.37625593
		 0.3125 0.38878524 0.30461425 0.38878524 0.3125 0.4013167 0.30461425 0.4013167 0.3125
		 0.41383731 0.30461425 0.41383731 0.3125 0.4263373 0.30461425 0.4263373 0.3125 0.43881667
		 0.30461425 0.43881667 0.3125 0.45128518 0.30461425 0.45128518 0.3125 0.46375585 0.30461425
		 0.46375585 0.3125 0.4762387 0.30461425 0.4762387 0.3125 0.48873869 0.30461425 0.48873869
		 0.3125 0.50125581 0.30461425 0.50125581 0.3125 0.51378512 0.30461425 0.51378512 0.3125
		 0.52631658 0.30461425 0.52631658 0.3125 0.53883719 0.30461425 0.53883719 0.3125 0.55133718
		 0.30461425 0.55133718 0.3125 0.56381655 0.30461425 0.56381655 0.3125 0.57628506 0.30461425
		 0.57628506 0.3125 0.58875573 0.30461425 0.58875573 0.3125 0.60123855 0.30461425 0.60123855
		 0.3125 0.61373854 0.30461425 0.61373854 0.3125 0.37616161 0.30461425 0.37616161 0.3125
		 0.38871399 0.30461425 0.38871399 0.3125 0.40127498 0.30461425 0.40127498 0.3125 0.41382009
		 0.30461425 0.41382009 0.3125 0.42632955 0.30461425 0.42632955 0.3125 0.43879968 0.30461425
		 0.43879968 0.3125 0.45124444 0.30461425 0.45124444 0.3125 0.46368623 0.30461425 0.46368623
		 0.3125 0.47614565 0.30461425 0.47614565 0.3125 0.4886362 0.30461425 0.4886362 0.3125
		 0.50116152 0.30461425 0.50116152 0.3125 0.51371384 0.30461425 0.51371384 0.3125 0.52627486
		 0.30461425 0.52627486 0.3125 0.53881997 0.30461425 0.53881997 0.3125 0.55132943 0.30461425
		 0.55132943 0.3125 0.56379956 0.30461425 0.56379956 0.3125 0.57624435 0.30461425 0.57624435
		 0.3125 0.58868611 0.30461425 0.58868611 0.3125 0.60114557 0.30461425 0.60114557 0.3125
		 0.61363608 0.30461425 0.61363608 0.3125 0.37602091 0.30461425 0.37602091 0.3125 0.38854471
		 0.30461425 0.38854471 0.3125 0.4010703 0.30461425 0.4010703 0.3125 0.41358706 0.30461425
		 0.41358706 0.3125 0.42608705 0.30461425 0.42608705 0.3125 0.43857026 0.30461425 0.43857026
		 0.3125 0.45104468 0.30461425 0.45104468 0.3125 0.46352082 0.30461425 0.46352082 0.3125
		 0.47600687 0.30461425 0.47600687 0.3125 0.48850685 0.30461425 0.48850685 0.3125 0.50102079
		 0.30461425 0.50102079 0.3125 0.51354462 0.30461425 0.51354462 0.3125 0.52607018 0.30461425
		 0.52607018 0.3125 0.53858697 0.30461425 0.53858697 0.3125 0.5510869 0.30461425 0.5510869
		 0.3125 0.56357014 0.30461425 0.56357014 0.3125 0.57604456 0.30461425 0.57604456 0.3125
		 0.58852071 0.30461425 0.58852071 0.3125 0.60100675 0.30461425 0.60100675 0.3125 0.61350673
		 0.30461425 0.61350673 0.3125 0.375 0.3125 0.38749999 0.3125 0.39999998 0.3125 0.41249996
		 0.3125 0.42499995 0.3125 0.43749994 0.3125 0.44999993 0.3125 0.46249992 0.3125 0.4749999
		 0.3125 0.48749989 0.3125 0.49999988 0.3125 0.51249987 0.3125 0.52499986 0.3125 0.53749985
		 0.3125 0.54999983 0.3125 0.56249982 0.3125 0.57499981 0.3125 0.5874998 0.3125 0.59999979
		 0.3125 0.61249977 0.3125 0.62499976 0.3125 0.38749999 0.30461425 0.375 0.30461425
		 0.39999998 0.30461425 0.38749999 0.30461425 0.41249996 0.30461425 0.39999998 0.30461425
		 0.42499995 0.30461425 0.41249996 0.30461425 0.43749994 0.30461425 0.42499995 0.30461425
		 0.44999993 0.30461425 0.43749994 0.30461425 0.46249992 0.30461425 0.44999993 0.30461425
		 0.4749999 0.30461425 0.46249992 0.30461425 0.48749989 0.30461425 0.4749999 0.30461425
		 0.49999988 0.30461425 0.48749989 0.30461425 0.51249987 0.30461425 0.49999988 0.30461425
		 0.52499986 0.30461425 0.51249987 0.30461425 0.53749985 0.30461425 0.52499986 0.30461425
		 0.54999983 0.30461425 0.53749985 0.30461425 0.56249982 0.30461425 0.54999983 0.30461425
		 0.57499981 0.30461425 0.56249982 0.30461425 0.5874998 0.30461425 0.57499981 0.30461425
		 0.59999979 0.30461425 0.5874998 0.30461425 0.61249977 0.30461425 0.59999979 0.30461425
		 0.62499976 0.30461425 0.61249977 0.30461425 0.37686107 0.3125 0.37686107 0.30461425
		 0.38936105 0.3125 0.38936105 0.30461425 0.40186104 0.3125 0.40186104 0.30461425 0.41436103
		 0.3125 0.41436103 0.30461425 0.42686102 0.3125 0.42686102 0.30461425 0.43936101 0.3125
		 0.43936101 0.30461425 0.45186099 0.3125 0.45186099 0.30461425 0.46436098 0.3125 0.46436098
		 0.30461425 0.47686097 0.3125 0.47686097 0.30461425 0.48936096 0.3125 0.48936096 0.30461425
		 0.50186092 0.3125 0.50186092 0.30461425 0.5143609 0.3125 0.5143609 0.30461425 0.52686089
		 0.3125 0.52686089 0.30461425 0.53936088 0.3125 0.53936088 0.30461425 0.55186087 0.3125
		 0.55186087 0.30461425 0.56436086 0.3125 0.56436086 0.30461425 0.57686085 0.3125 0.57686085
		 0.30461425 0.58936083 0.3125 0.58936083 0.30461425 0.60186082 0.3125 0.60186082 0.30461425
		 0.61436081 0.3125 0.61436081 0.30461425 0.37627283 0.3125 0.37627283 0.30461425 0.38877282
		 0.3125 0.38877282 0.30461425 0.4012728 0.3125 0.4012728 0.30461425 0.41377279 0.3125
		 0.41377279 0.30461425 0.42627278 0.3125 0.42627278 0.30461425 0.43877277 0.3125 0.43877277
		 0.30461425 0.45127276 0.3125 0.45127276 0.30461425 0.46377274 0.3125 0.46377274 0.30461425
		 0.47627273 0.3125 0.47627273 0.30461425 0.48877272 0.3125 0.48877272 0.30461425 0.50127274
		 0.3125 0.50127274 0.30461425 0.51377273 0.3125 0.51377273 0.30461425 0.52627271 0.3125
		 0.52627271 0.30461425 0.5387727 0.3125 0.5387727 0.30461425;
	setAttr ".uvst[0].uvsp[750:999]" 0.55127269 0.3125 0.55127269 0.30461425 0.56377268
		 0.3125 0.56377268 0.30461425 0.57627267 0.3125 0.57627267 0.30461425 0.58877265 0.3125
		 0.58877265 0.30461425 0.60127264 0.3125 0.60127264 0.30461425 0.61377263 0.3125 0.61377263
		 0.30461425 0.38215622 0.3125 0.38215622 0.30461425 0.39458948 0.3125 0.39458948 0.30461425
		 0.40700608 0.3125 0.40700608 0.30461425 0.41943789 0.3125 0.41943789 0.30461425 0.43191168
		 0.3125 0.43191168 0.30461425 0.44443789 0.3125 0.44443789 0.30461425 0.45700604 0.3125
		 0.45700604 0.30461425 0.46958941 0.3125 0.46958941 0.30461425 0.48215613 0.3125 0.48215613
		 0.30461425 0.49468145 0.3125 0.49468145 0.30461425 0.50715607 0.3125 0.50715607 0.30461425
		 0.51958936 0.3125 0.51958936 0.30461425 0.53200597 0.3125 0.53200597 0.30461425 0.54443777
		 0.3125 0.54443777 0.30461425 0.55691153 0.3125 0.55691153 0.30461425 0.56943774 0.3125
		 0.56943774 0.30461425 0.58200592 0.3125 0.58200592 0.30461425 0.59458929 0.3125 0.59458929
		 0.30461425 0.60715598 0.3125 0.60715598 0.30461425 0.6196813 0.3125 0.6196813 0.30461425
		 0.38092402 0.3125 0.38092402 0.30461425 0.3936469 0.3125 0.3936469 0.30461425 0.40640292
		 0.3125 0.40640292 0.30461425 0.41908875 0.3125 0.41908875 0.30461425 0.43162107 0.3125
		 0.43162107 0.30461425 0.44398701 0.3125 0.44398701 0.30461425 0.45624983 0.3125 0.45624983
		 0.30461425 0.46850663 0.3125 0.46850663 0.30461425 0.48084307 0.3125 0.48084307 0.30461425
		 0.49331158 0.3125 0.49331158 0.30461425 0.50592393 0.3125 0.50592393 0.30461425 0.51864678
		 0.3125 0.51864678 0.30461425 0.53140283 0.3125 0.53140283 0.30461425 0.5440886 0.3125
		 0.5440886 0.30461425 0.55662096 0.3125 0.55662096 0.30461425 0.56898689 0.3125 0.56898689
		 0.30461425 0.58124971 0.3125 0.58124971 0.30461425 0.59350652 0.3125 0.59350652 0.30461425
		 0.60584295 0.3125 0.60584295 0.30461425 0.61831146 0.3125 0.61831146 0.30461425 0.38376552
		 0.3125 0.38376552 0.30461425 0.3964701 0.3125 0.3964701 0.30461425 0.40918973 0.3125
		 0.40918973 0.30461425 0.42183381 0.3125 0.42183381 0.30461425 0.4343338 0.3125 0.4343338
		 0.30461425 0.4466897 0.3125 0.4466897 0.30461425 0.45897004 0.3125 0.45897004 0.30461425
		 0.47126544 0.3125 0.47126544 0.30461425 0.48364574 0.3125 0.48364574 0.30461425 0.49614573
		 0.3125 0.49614573 0.30461425 0.5087654 0.3125 0.5087654 0.30461425 0.52147001 0.3125
		 0.52147001 0.30461425 0.53418964 0.3125 0.53418964 0.30461425 0.54683369 0.3125 0.54683369
		 0.30461425 0.55933368 0.3125 0.55933368 0.30461425 0.57168961 0.3125 0.57168961 0.30461425
		 0.58396995 0.3125 0.58396995 0.30461425 0.59626532 0.3125 0.59626532 0.30461425 0.60864562
		 0.3125 0.60864562 0.30461425 0.62114561 0.3125 0.62114561 0.30461425 0.38471016 0.3125
		 0.38471016 0.30461425 0.39748189 0.3125 0.39748189 0.30461425 0.41028312 0.3125 0.41028312
		 0.30461425 0.4229908 0.3125 0.4229908 0.30461425 0.43550849 0.3125 0.43550849 0.30461425
		 0.44782883 0.3125 0.44782883 0.30461425 0.46003729 0.3125 0.46003729 0.30461425 0.47225413
		 0.3125 0.47225413 0.30461425 0.48457751 0.3125 0.48457751 0.30461425 0.49706084 0.3125
		 0.49706084 0.30461425 0.50971001 0.3125 0.50971001 0.30461425 0.5224818 0.3125 0.5224818
		 0.30461425 0.53528303 0.3125 0.53528303 0.30461425 0.54799068 0.3125 0.54799068 0.30461425
		 0.56050837 0.3125 0.56050837 0.30461425 0.57282871 0.3125 0.57282871 0.30461425 0.58503717
		 0.3125 0.58503717 0.30461425 0.59725404 0.3125 0.59725404 0.30461425 0.60957736 0.3125
		 0.60957736 0.30461425 0.62206072 0.3125 0.62206072 0.30461425 0.37743038 0.3125 0.37743038
		 0.30461425 0.39003998 0.3125 0.39003998 0.30461425 0.40266758 0.3125 0.40266758 0.30461425
		 0.41526198 0.3125 0.41526198 0.30461425 0.42778182 0.3125 0.42778182 0.30461425 0.44021934
		 0.3125 0.44021934 0.30461425 0.45260379 0.3125 0.45260379 0.30461425 0.46498194 0.3125
		 0.46498194 0.30461425 0.47739711 0.3125 0.47739711 0.30461425 0.48987734 0.3125 0.48987734
		 0.30461425 0.50243026 0.3125 0.50243026 0.30461425 0.51503986 0.3125 0.51503986 0.30461425
		 0.52766746 0.3125 0.52766746 0.30461425 0.54026186 0.3125 0.54026186 0.30461425 0.5527817
		 0.3125 0.5527817 0.30461425 0.56521922 0.3125 0.56521922 0.30461425 0.57760364 0.3125
		 0.57760364 0.30461425 0.58998185 0.3125 0.58998185 0.30461425 0.60239697 0.3125 0.60239697
		 0.30461425 0.61487722 0.3125 0.61487722 0.30461425 0.37643528 0.3125 0.37643528 0.30461425
		 0.38896877 0.3125 0.38896877 0.30461425 0.40150473 0.3125 0.40150473 0.30461425 0.41402829
		 0.3125 0.41402829 0.30461425 0.42652828 0.3125 0.42652828 0.30461425 0.43900469 0.3125
		 0.43900469 0.30461425 0.45146871 0.3125 0.45146871 0.30461425 0.4639352 0.3125 0.4639352
		 0.30461425 0.47641557 0.3125 0.47641557 0.30461425 0.48891556 0.3125 0.48891556 0.30461425
		 0.50143516 0.3125 0.50143516 0.30461425 0.51396865 0.3125 0.51396865 0.30461425 0.52650458
		 0.3125 0.52650458 0.30461425 0.53902817 0.3125 0.53902817 0.30461425 0.55152816 0.3125
		 0.55152816 0.30461425 0.56400454 0.3125 0.56400454 0.30461425 0.57646859 0.3125 0.57646859
		 0.30461425 0.58893508 0.3125 0.58893508 0.30461425 0.60141546 0.3125 0.60141546 0.30461425;
	setAttr ".uvst[0].uvsp[1000:1249]" 0.61391544 0.3125 0.61391544 0.30461425 0.37663314
		 0.3125 0.37663314 0.30461425 0.38920677 0.3125 0.38920677 0.30461425 0.40179253 0.3125
		 0.40179253 0.30461425 0.41435596 0.3125 0.41435596 0.30461425 0.42686927 0.3125 0.42686927
		 0.30461425 0.43932727 0.3125 0.43932727 0.30461425 0.45174962 0.3125 0.45174962 0.30461425
		 0.46416777 0.3125 0.46416777 0.30461425 0.47661075 0.3125 0.47661075 0.30461425 0.48909745
		 0.3125 0.48909745 0.30461425 0.50163299 0.3125 0.50163299 0.30461425 0.51420665 0.3125
		 0.51420665 0.30461425 0.52679241 0.3125 0.52679241 0.30461425 0.53935581 0.3125 0.53935581
		 0.30461425 0.55186915 0.3125 0.55186915 0.30461425 0.56432718 0.3125 0.56432718 0.30461425
		 0.5767495 0.3125 0.5767495 0.30461425 0.58916765 0.3125 0.58916765 0.30461425 0.6016106
		 0.3125 0.6016106 0.30461425 0.61409736 0.3125 0.61409736 0.30461425 0.37653419 0.3125
		 0.37653419 0.30461425 0.38907 0.3125 0.38907 0.30461425 0.40160844 0.3125 0.40160844
		 0.30461425 0.41413364 0.3125 0.41413364 0.30461425 0.42663363 0.3125 0.42663363 0.30461425
		 0.4391084 0.3125 0.4391084 0.30461425 0.45156994 0.3125 0.45156994 0.30461425 0.46403411
		 0.3125 0.46403411 0.30461425 0.47651318 0.3125 0.47651318 0.30461425 0.48901317 0.3125
		 0.48901317 0.30461425 0.5015341 0.3125 0.5015341 0.30461425 0.51406991 0.3125 0.51406991
		 0.30461425 0.52660835 0.3125 0.52660835 0.30461425 0.53913355 0.3125 0.53913355 0.30461425
		 0.55163354 0.3125 0.55163354 0.30461425 0.56410831 0.3125 0.56410831 0.30461425 0.57656986
		 0.3125 0.57656986 0.30461425 0.58903402 0.3125 0.58903402 0.30461425 0.60151303 0.3125
		 0.60151303 0.30461425 0.61401302 0.3125 0.61401302 0.30461425 0.3766709 0.3125 0.3766709
		 0.30461425 0.38924623 0.3125 0.38924623 0.30461425 0.40183398 0.3125 0.40183398 0.30461425
		 0.41439888 0.3125 0.41439888 0.30461425 0.42691249 0.3125 0.42691249 0.30461425 0.43936953
		 0.3125 0.43936953 0.30461425 0.45179009 0.3125 0.45179009 0.30461425 0.46420634 0.3125
		 0.46420634 0.30461425 0.476648 0.3125 0.476648 0.30461425 0.4891344 0.3125 0.4891344
		 0.30461425 0.50167078 0.3125 0.50167078 0.30461425 0.51424611 0.3125 0.51424611 0.30461425
		 0.52683383 0.3125 0.52683383 0.30461425 0.53939879 0.3125 0.53939879 0.30461425 0.55191237
		 0.3125 0.55191237 0.30461425 0.56436944 0.3125 0.56436944 0.30461425 0.57678998 0.3125
		 0.57678998 0.30461425 0.58920622 0.3125 0.58920622 0.30461425 0.60164785 0.3125 0.60164785
		 0.30461425 0.61413425 0.3125 0.61413425 0.30461425 0.37625593 0.3125 0.37625593 0.30461425
		 0.38878524 0.3125 0.38878524 0.30461425 0.4013167 0.3125 0.4013167 0.30461425 0.41383731
		 0.3125 0.41383731 0.30461425 0.4263373 0.3125 0.4263373 0.30461425 0.43881667 0.3125
		 0.43881667 0.30461425 0.45128518 0.3125 0.45128518 0.30461425 0.46375585 0.3125 0.46375585
		 0.30461425 0.4762387 0.3125 0.4762387 0.30461425 0.48873869 0.3125 0.48873869 0.30461425
		 0.50125581 0.3125 0.50125581 0.30461425 0.51378512 0.3125 0.51378512 0.30461425 0.52631658
		 0.3125 0.52631658 0.30461425 0.53883719 0.3125 0.53883719 0.30461425 0.55133718 0.3125
		 0.55133718 0.30461425 0.56381655 0.3125 0.56381655 0.30461425 0.57628506 0.3125 0.57628506
		 0.30461425 0.58875573 0.3125 0.58875573 0.30461425 0.60123855 0.3125 0.60123855 0.30461425
		 0.61373854 0.3125 0.61373854 0.30461425 0.37616161 0.3125 0.37616161 0.30461425 0.38871399
		 0.3125 0.38871399 0.30461425 0.40127498 0.3125 0.40127498 0.30461425 0.41382009 0.3125
		 0.41382009 0.30461425 0.42632955 0.3125 0.42632955 0.30461425 0.43879968 0.3125 0.43879968
		 0.30461425 0.45124444 0.3125 0.45124444 0.30461425 0.46368623 0.3125 0.46368623 0.30461425
		 0.47614565 0.3125 0.47614565 0.30461425 0.4886362 0.3125 0.4886362 0.30461425 0.50116152
		 0.3125 0.50116152 0.30461425 0.51371384 0.3125 0.51371384 0.30461425 0.52627486 0.3125
		 0.52627486 0.30461425 0.53881997 0.3125 0.53881997 0.30461425 0.55132943 0.3125 0.55132943
		 0.30461425 0.56379956 0.3125 0.56379956 0.30461425 0.57624435 0.3125 0.57624435 0.30461425
		 0.58868611 0.3125 0.58868611 0.30461425 0.60114557 0.3125 0.60114557 0.30461425 0.61363608
		 0.3125 0.61363608 0.30461425 0.37602091 0.3125 0.37602091 0.30461425 0.38854471 0.3125
		 0.38854471 0.30461425 0.4010703 0.3125 0.4010703 0.30461425 0.41358706 0.3125 0.41358706
		 0.30461425 0.42608705 0.3125 0.42608705 0.30461425 0.43857026 0.3125 0.43857026 0.30461425
		 0.45104468 0.3125 0.45104468 0.30461425 0.46352082 0.3125 0.46352082 0.30461425 0.47600687
		 0.3125 0.47600687 0.30461425 0.48850685 0.3125 0.48850685 0.30461425 0.50102079 0.3125
		 0.50102079 0.30461425 0.51354462 0.3125 0.51354462 0.30461425 0.52607018 0.3125 0.52607018
		 0.30461425 0.53858697 0.3125 0.53858697 0.30461425 0.5510869 0.3125 0.5510869 0.30461425
		 0.56357014 0.3125 0.56357014 0.30461425 0.57604456 0.3125 0.57604456 0.30461425 0.58852071
		 0.3125 0.58852071 0.30461425 0.60100675 0.3125 0.60100675 0.30461425 0.61350673 0.3125
		 0.61350673 0.30461425 0.4344314 0.6875 0.42163381 0.6875 0.40762225 0.6875 0.39651468
		 0.6875 0.38238811 0.6875 0.61942953 0.6875 0.60831708 0.6875 0.59645158 0.6875;
	setAttr ".uvst[0].uvsp[1250:1499]" 0.58375669 0.6875 0.5710873 0.6875 0.55845404
		 0.6875 0.54560882 0.6875 0.53321671 0.6875 0.52294791 0.6875 0.50896823 0.6875 0.49524391
		 0.6875 0.48349118 0.6875 0.47057787 0.6875 0.45873347 0.6875 0.44599783 0.6875 0.42970493
		 0.3125 0.41723108 0.3125 0.40391514 0.3125 0.39166319 0.3125 0.37868971 0.3125 0.61625683
		 0.3125 0.6041835 0.3125 0.59079105 0.3125 0.57872349 0.3125 0.56712979 0.3125 0.55480176
		 0.3125 0.54058111 0.3125 0.52913481 0.3125 0.51556349 0.3125 0.50331807 0.3125 0.49294141
		 0.3125 0.47896364 0.3125 0.46637115 0.3125 0.45461446 0.3125 0.44162008 0.3125 0.42981446
		 0.62656236 0.42499992 0.6265623 0.42166707 0.62343752 0.41706654 0.62656224 0.41249996
		 0.6265623 0.40777463 0.62343764 0.40317011 0.62656224 0.40000004 0.62656218 0.39647198
		 0.62343752 0.39187366 0.62656224 0.38749996 0.6265623 0.38254145 0.62343758 0.3779403
		 0.6265626 0.375 0.62656295 0.62499976 0.6265623 0.61967027 0.62343758 0.61507261
		 0.6265623 0.61249977 0.6265623 0.60839707 0.62343758 0.60379165 0.62656242 0.59999979
		 0.6265626 0.59627068 0.62343758 0.5916782 0.6265623 0.5874998 0.6265623 0.58368301
		 0.62343758 0.57908493 0.62656212 0.57499987 0.62656188 0.57119727 0.62343758 0.56659025
		 0.62656236 0.56249976 0.6265623 0.55861628 0.62343758 0.55400664 0.6265623 0.54999983
		 0.6265623 0.54553491 0.62343758 0.54093874 0.6265623 0.53749985 0.6265623 0.53330559
		 0.62343764 0.52869993 0.62656248 0.52499986 0.62656283 0.52249259 0.62343764 0.5179317
		 0.62656236 0.51249987 0.62656254 0.50878924 0.62343758 0.5041967 0.6265623 0.49999988
		 0.6265623 0.49563766 0.62343764 0.49101797 0.62656242 0.48749989 0.62656254 0.48350388
		 0.62343764 0.47890151 0.62656254 0.4749999 0.62656301 0.47064531 0.62343758 0.46604151
		 0.62656236 0.46249992 0.62656248 0.45881566 0.62343764 0.4542104 0.62656236 0.44999993
		 0.6265623 0.4460361 0.62343764 0.44143251 0.62656254 0.43749994 0.62656295 0.43440941
		 0.62343758 0.42979276 0.56406242 0.42499995 0.5640626 0.42169952 0.56093758 0.41709933
		 0.5640623 0.41249996 0.56406224 0.40792355 0.56093758 0.40331736 0.56406242 0.39999998
		 0.56406254 0.39643037 0.56093758 0.39183179 0.5640623 0.38749996 0.56406224 0.38269156
		 0.56093758 0.37808806 0.56406248 0.375 0.56406265 0.62499976 0.56406224 0.61990702
		 0.56093764 0.61530399 0.5640623 0.61249977 0.56406224 0.60847509 0.56093758 0.6038695
		 0.5640623 0.59999979 0.56406236 0.59609377 0.56093758 0.59150094 0.56406242 0.5874998
		 0.56406265 0.58361113 0.56093758 0.57901299 0.56406254 0.57499981 0.56406301 0.57130432
		 0.56093758 0.56669772 0.56406236 0.56249982 0.56406242 0.55877441 0.56093758 0.55416507
		 0.56406236 0.54999983 0.56406248 0.54546285 0.56093758 0.54086721 0.5640623 0.53749985
		 0.56406236 0.53339219 0.56093758 0.5287863 0.56406236 0.52499986 0.56406248 0.52203441
		 0.56093764 0.5174638 0.5640623 0.51249987 0.56406248 0.50861412 0.56093758 0.50402117
		 0.5640623 0.49999988 0.56406224 0.49602237 0.56093758 0.49140134 0.56406236 0.48749989
		 0.56406248 0.48351625 0.56093764 0.47891387 0.56406248 0.4749999 0.56406277 0.47071114
		 0.56093764 0.46610698 0.56406248 0.46249992 0.56406271 0.45889574 0.56093758 0.45429087
		 0.56406254 0.44999993 0.56406301 0.44607341 0.56093758 0.44146985 0.56406242 0.43749994
		 0.56406265 0.43438795 0.56093758 0.42977095 0.5015623 0.42499995 0.50156236 0.42173192
		 0.49843761 0.41713208 0.50156248 0.41249996 0.50156283 0.40807271 0.49843761 0.40346524
		 0.50156265 0.39999998 0.50156325 0.39638871 0.49843761 0.39178997 0.50156242 0.38749999
		 0.50156265 0.38284203 0.49843761 0.37823665 0.50156248 0.375 0.50156277 0.62499976
		 0.50156224 0.6201452 0.49843761 0.615538 0.50156236 0.61249977 0.50156248 0.60855317
		 0.49843761 0.60394752 0.50156248 0.59999979 0.50156277 0.59591657 0.49843761 0.59132385
		 0.50156236 0.5874998 0.50156242 0.58353919 0.49843761 0.57894099 0.50156242 0.57499981
		 0.50156265 0.57141125 0.49843761 0.56680512 0.50156248 0.56249982 0.50156283 0.55893201
		 0.49843761 0.55432343 0.5015623 0.54999983 0.50156236 0.54539084 0.49843761 0.54079586
		 0.50156265 0.53749985 0.50156325 0.53347886 0.49843758 0.52887279 0.50156242 0.52499986
		 0.5015626 0.52156734 0.49843761 0.5169912 0.50156242 0.51249987 0.5015626 0.50843877
		 0.49843761 0.50384587 0.50156248 0.49999988 0.50156271 0.49640614 0.49843761 0.49178603
		 0.50156248 0.48749989 0.50156283 0.48352861 0.49843761 0.47892624 0.5015626 0.4749999
		 0.50156307 0.47077703 0.49843761 0.46617255 0.50156236 0.46249992 0.50156248 0.45897573
		 0.49843761 0.4543713 0.50156254 0.44999993 0.50156295 0.44611076 0.49843761 0.44150716
		 0.50156248 0.43749994 0.50156277 0.43436646 0.49843761 0.42974922 0.43906242 0.42499995
		 0.43906254 0.42176428 0.43593761 0.4171648 0.43906257 0.41249996 0.43906304 0.40822205
		 0.43593764 0.40361363 0.43906242 0.39999998 0.4390626 0.39634699 0.43593764 0.39174798
		 0.43906245 0.38749999 0.43906274 0.38299277 0.43593761 0.3783859 0.43906271 0.375
		 0.43906331 0.62499976 0.4390623 0.62038445 0.43593764 0.61577415 0.43906257 0.61249977
		 0.43906295 0.60863107 0.43593761 0.60402542 0.43906245 0.59999979 0.43906271 0.59573931
		 0.43593764 0.59114712 0.43906233 0.5874998 0.43906236 0.58346719 0.43593764 0.5788691
		 0.4390626 0.57499981 0.43906304 0.571518 0.43593764 0.56691253 0.43906254 0.56249982
		 0.43906298 0.5590893 0.43593764 0.5544818 0.43906251 0.54999983 0.43906283 0.5453189
		 0.43593764 0.54072481 0.43906236;
	setAttr ".uvst[0].uvsp[1500:1749]" 0.53749985 0.43906248 0.53356546 0.43593764
		 0.52895933 0.43906245 0.52499986 0.43906268 0.52109498 0.43593767 0.51651686 0.43906254
		 0.51249987 0.43906292 0.50826323 0.43593764 0.50367087 0.43906254 0.49999988 0.43906286
		 0.49678728 0.43593764 0.49217042 0.43906242 0.48749989 0.43906271 0.48354092 0.43593764
		 0.47893858 0.43906233 0.4749999 0.43906236 0.47084287 0.43593764 0.46623817 0.43906239
		 0.46249992 0.43906254 0.45905554 0.43593764 0.45445171 0.43906251 0.44999993 0.43906289
		 0.44614801 0.43593761 0.4415445 0.43906245 0.43749994 0.43906274 0.43434495 0.43593764
		 0.42972741 0.37656248 0.42499995 0.37656268 0.42179662 0.37343764 0.41719753 0.37656248
